4209
7721
8623
4946
5998
9331
4105
6579
4802
5984
8771
3982
5726
9725
7746
1600
2320
6496
1118
5460
1089
6726
4422
4737
8264
708
9191
1175
8527
3400
2283
2735
7472
905
7680
3469
6587
8136
6400
7740
471
1522
1721
6196
1247
5818
7796
9918
2313
8913
1729
3402
1990
6150
4490
253
6857
32
7780
1735
3431
62
4469
903
7319
8500
723
3905
6635
3474
1645
3457
4996
9717
9653
2594
1887
7448
2511
4199
6360
591
7600
4701
6740
8442
4954
9948
8473
9085
1682
1904
9146
2502
9158
2816
1001
6232
3073
3987
9706
4717
7443
1053
785
7095
3646
2671
894
2508
3222
3605
3098
7173
8306
6189
5614
9611
6136
4087
8695
7817
2342
4192
318
7851
3360
7670
4082
6432
1656
139
7500
5450
1191
8284
8897
1188
7307
6142
3695
528
9747
3144
4052
4404
9332
9666
366
5467
104
9060
9635
2445
9603
9952
295
2962
3973
728
9393
5628
867
6892
7430
8409
1528
2678
9597
5186
8819
9643
2065
8565
2787
6116
9320
2118
5781
9685
7585
5884
5096
7219
4680
4699
3523
4974
4012
7495
5702
9757
9475
2920
3000
6904
1328
4527
5933
924
9712
4751
567
8128
9668
9705
4244
8987
1822
6376
8672
5758
2260
119
9329
3291
1169
2851
4617
5181
6697
6670
4937
6171
9589
4288
9426
7268
8815
5358
8192
4878
6461
5110
3006
6128
4814
3601
5114
2987
9976
137
8745
8587
256
8073
1878
1424
7275
6494
2956
323
3163
4244
6494
9103
8532
2271
6370
3698
3981
913
4927
441
6022
7932
6568
7187
7884
8033
6526
7860
8170
5270
6446
4777
9694
4675
2552
3320
1168
5508
3642
682
6103
6487
9784
4634
5110
2506
8331
9090
3418
3258
5882
5792
7541
8801
2978
1777
6833
9503
9636
1354
1124
2433
2482
7169
7108
5034
488
4627
6893
4130
1661
2995
6968
1444
7629
2077
301
2311
1166
3719
1920
3399
9510
5813
2199
2487
7589
9032
8342
3576
6737
5817
2360
9219
2986
9467
4252
3473
446
1144
3954
2106
4138
922
9901
8118
2998
202
6781
516
272
5052
3914
9781
864
6113
8619
4804
1496
3312
4731
8232
9129
7091
7450
2114
2909
1701
1938
3354
9196
5892
1811
9686
6813
8064
4155
6162
4617
935
6677
4888
2339
591
4668
3202
3055
3286
4358
4550
6598
9088
2781
2078
2530
231
4191
5439
8283
6128
5144
3831
8371
3307
3516
1535
1370
4022
7697
5986
1309
725
7225
3647
7667
1892
6848
721
1529
7557
5270
4478
2997
4403
6555
5526
4633
7097
964
9267
3225
6108
9449
7947
5766
9316
9482
7135
3338
3530
9472
4646
4254
6696
8292
1921
4939
1491
2641
6467
9048
4263
7297
8396
8665
3851
3921
9649
948
1237
5267
524
3696
4716
8470
9461
4031
4303
6595
7368
7832
6066
8365
2086
9113
6656
358
4051
4499
9350
6869
9898
3612
4165
8293
8628
8016
2213
8276
5315
3449
3543
5838
7144
4610
659
6604
8640
4962
9550
6008
9145
1967
724
1230
1079
7380
7939
1481
1878
7289
8350
1775
7252
2514
6419
5880
6881
8631
507
2195
8432
4049
4384
1927
5010
1395
4883
3650
2708
4432
6009
1852
2751
6732
3082
181
463
7372
1662
2340
4660
6363
466
1912
8876
6884
7791
2109
1867
4649
655
6650
8698
1391
8576
3707
2785
9810
3708
5492
594
9716
7343
3344
2800
6776
3524
3262
4148
5185
1954
5159
7899
2419
7070
3127
5655
1212
5235
3873
5861
2241
522
910
3631
5449
968
2767
1611
1028
4610
2204
7095
1953
5547
9894
5080
9070
3156
5579
607
5109
738
4857
3879
4159
7983
5885
1723
3217
6109
3935
1810
2982
1196
5440
4783
8515
4559
6393
9542
9168
8596
2989
7472
4142
2882
2552
9563
2389
4482
6521
3849
5219
1378
4080
5730
9360
9964
3804
8929
6073
4090
738
5406
5285
2529
188
151
7087
6580
6045
6255
5175
9033
3726
5668
8266
2629
1583
655
7111
8103
4503
8681
5832
4934
762
1544
4898
4565
6824
7322
5006
3913
9079
6642
6441
9267
6793
9880
5846
9189
2486
1021
8221
2563
3040
6486
5192
4622
3492
8654
9077
4347
7334
1260
9280
4448
2803
529
9012
5978
4202
370
9890
3281
7011
2683
2547
3803
8914
4744
9343
1399
2116
7563
3961
5156
401
5504
6129
244
4157
5205
4590
7843
6465
222
2290
5619
7102
7653
7949
1304
8022
7838
936
5033
6872
9834
5187
5785
4577
4530
7183
3045
8444
7496
8200
5196
2999
4328
5440
3508
5885
6381
1350
8701
2954
3639
4319
56
7643
2267
7711
5665
6457
4998
7049
9680
4831
2235
5465
5759
3116
8999
8803
1560
6494
3354
3107
5845
7682
8546
9352
9918
1279
701
8618
584
691
2936
639
8333
1555
4701
349
4363
9698
7397
394
4528
5984
5858
6639
9099
1209
1793
7010
4054
5147
117
9898
9180
5014
9249
9097
2644
6301
7714
3228
3343
7001
218
8028
4907
4919
8376
5621
4616
2125
6015
5496
4460
8224
8486
3558
9432
278
6920
3486
5424
3388
9735
4603
4753
5336
51
7397
7988
7764
6976
1331
1117
7193
5710
6023
8463
437
7996
3079
2561
4010
4926
7020
8585
3411
6930
8017
3688
201
7854
5464
3588
7588
6418
4692
2923
6469
8440
7263
584
5415
8593
1700
8960
4302
4075
7422
4738
2070
6852
3651
2431
8129
7022
1015
1539
303
5383
1579
6855
3236
3394
6794
7176
9811
1486
6450
2631
9925
3712
3215
1692
8656
1266
7003
9309
5340
776
399
3761
3980
4049
2543
2108
7422
9910
9999
4077
5292
7929
931
4880
1322
7725
2055
7484
9210
4856
115
5486
8568
3329
3529
3575
4594
531
2884
6286
7659
3282
6398
1638
3682
5293
3745
7455
5202
95
1531
6845
8023
2462
1724
5696
186
130
3180
5747
4986
3294
7584
9905
2974
1113
9831
7567
7995
2714
204
5653
5995
2954
3642
6028
4598
3739
3483
9799
3833
5013
6643
8208
3826
4719
3903
363
4848
7082
6109
6185
6727
45
2441
9700
1157
2272
3619
5503
4985
174
7508
7332
3127
1149
9711
4076
1239
3193
3874
5072
4558
6869
9631
8383
7939
9885
8746
2786
6967
1206
5323
45
1250
7763
9745
8758
6386
9715
4261
7723
9888
8120
1406
9367
9268
1116
3442
6859
4309
3668
1930
8866
536
7912
3600
8474
7796
2345
7611
1114
9903
9285
1159
1152
3400
7255
9910
9785
6969
522
7507
3208
8641
5264
2574
4260
6380
2368
1118
688
6035
9399
5905
2922
7310
5856
1395
5106
8201
5357
2571
8103
4642
3729
5606
4393
983
5515
4177
4303
2388
8036
7511
1028
3299
6436
5288
9678
8803
6405
6717
4837
5804
8973
7758
9465
4829
5504
922
9381
861
3493
3835
1854
7221
5792
6246
4556
7659
6774
5210
46
1161
2720
1074
4460
9156
2713
489
4310
5469
3558
9147
7624
8882
3256
7089
3710
8760
8010
9442
5972
7854
9628
4177
1427
5420
422
2334
3078
3547
7543
3123
4708
6615
548
5519
2122
9612
2359
6431
5081
5916
1929
2704
4798
5185
9792
4859
3944
4154
653
6267
2007
280
443
9785
2051
7216
2118
1480
762
9661
955
1821
2627
1502
7339
4748
1114
9698
7530
6194
1965
9459
5249
6762
4643
1393
7973
4938
1898
8625
1204
256
5256
1646
41
3659
8861
2158
5138
5974
8170
6092
7795
796
3946
1485
5543
1411
7534
3073
3956
9499
2531
9204
2612
3525
596
6936
8462
8845
1912
9665
9101
7168
7662
9141
7178
6522
1298
2315
8847
9468
4759
2993
263
8704
4478
2158
114
8363
1582
4069
4213
464
9624
6825
3988
6572
112
2449
5416
2024
8465
4516
5543
6126
3656
2720
2647
1306
1386
7845
7125
6144
838
3739
1199
1667
5896
7664
29
3829
8084
4242
4292
7708
7418
8279
631
7529
7079
6046
9552
5543
6914
5094
1668
569
4165
666
8226
5551
8511
5350
8046
5700
5441
9245
7366
7688
3260
7394
1517
1344
7987
5808
5403
1756
4087
6033
5637
7517
8430
5188
3060
5343
6634
4727
2264
7150
1745
489
2700
255
2191
7098
5954
3983
2694
9671
1670
5953
7064
3186
7296
1403
8994
9050
9510
9432
1434
5146
3300
9864
6686
6359
5206
9671
7438
7469
6820
9182
4310
5872
5788
2852
2969
1741
6834
5662
1411
8503
7966
4826
8041
1614
2580
3386
663
2090
9169
2097
7235
2468
8312
272
8827
3517
9942
6264
7338
6762
1797
7999
2633
7584
7202
1953
5676
4035
3966
3438
8889
1931
8263
3281
3544
7195
6666
559
5636
5834
2655
9222
8302
966
9494
3480
834
9435
6095
4523
6196
7891
2521
5180
1826
6074
7132
7501
108
7449
938
5349
9380
5552
8629
9275
2746
1647
9833
8381
7480
8839
7603
2133
9804
7096
1964
6990
2882
4410
1512
9078
8652
385
609
477
6458
7741
4329
2918
1541
5266
4618
920
7170
3246
195
9915
4892
6379
4648
8724
5218
8602
7208
1373
2049
9172
8362
4930
9933
6226
359
8585
6610
968
9061
9419
5060
3390
2336
6600
5007
6953
3872
2176
6551
418
8443
7794
6796
9442
2869
2013
8043
77
3386
6443
5600
8099
7724
5532
4324
8083
4116
933
9050
9529
6704
461
2918
5391
7060
4276
8696
931
6452
5246
7700
4894
9391
4496
4335
2260
2860
8729
8688
6245
5171
4287
696
2894
6170
5019
7328
286
2304
2729
6166
9007
3189
5435
4397
6601
9710
3092
3883
6161
4689
1583
7406
4080
6078
8092
2691
8937
6820
1378
1534
8342
2016
2229
7588
8185
3599
4915
4822
5902
3996
987
1260
7184
6421
2009
3784
6131
5100
4019
8643
6141
5601
6049
6572
1678
492
9262
6966
7312
6991
4851
5653
9006
7079
9592
7190
7030
4507
8364
2931
4854
9350
4191
2037
2123
6199
2173
4605
7650
6191
3247
142
8143
5647
6713
9820
6139
5974
3137
9802
9316
7988
1806
8321
1418
1398
5511
8447
2256
3874
1378
7109
9575
1920
5497
1697
4470
4021
6301
8471
6563
5900
8613
4705
7898
1677
876
4036
4003
4013
189
3318
2000
1995
1639
3417
3392
3501
8216
5647
3726
9593
9107
3300
7864
4603
1349
8685
8624
4001
7155
1538
6252
2119
6243
4150
3796
7118
4537
7798
7482
4726
1115
9481
6720
9105
9250
6463
2605
7465
2109
6330
3409
7567
5982
7624
2169
3682
6308
7144
7682
9814
8682
3934
1933
1276
8083
2080
4745
8971
6229
2227
3696
7343
1707
415
2800
7308
6877
5404
4772
5337
8086
4532
2903
419
2155
1424
4100
4814
4919
8133
4628
3600
2066
2912
1227
6500
4991
5972
5471
1219
8198
5518
4913
6256
2285
7712
3564
5513
9468
4687
7202
7553
5571
104
7971
7725
7879
8422
8891
2798
6554
3518
2749
4972
6429
3976
1471
7771
6299
3293
5341
4496
5163
253
7103
7447
4317
7018
2959
3784
8057
160
7688
3627
6616
5658
7703
4494
4079
6593
3643
632
110
6392
1955
2890
6719
9778
7012
3017
9422
2352
3864
4584
2605
966
8382
3273
7984
1341
7056
2392
7852
4743
6018
819
6752
72
1665
7182
6665
5307
4165
3126
8050
6120
2368
4768
5897
9379
4136
5318
1731
7999
9902
687
8965
8283
3959
3300
5975
7366
5691
179
2108
8060
997
8859
8131
9013
6040
1147
672
204
625
8721
6323
2992
9841
8571
8722
3976
3889
452
1975
3790
7490
7291
8424
1448
6942
4399
8813
8984
929
7272
7043
8277
2482
1525
7290
8521
9024
4313
5077
9648
9385
7751
2639
9225
2674
7712
9553
6562
8164
7879
6703
5653
5169
5126
3453
8462
5876
8617
7445
6804
5889
4487
5081
8370
2363
8722
3243
1386
3034
4671
1033
8770
8773
23
7995
1446
7735
3899
8007
2250
1777
4709
4254
3297
6187
7706
1758
2062
2675
9202
5218
8563
40
6650
3284
2402
1723
2878
140
4756
7548
7524
3525
2673
7547
7871
4118
1633
8121
8477
234
9897
9537
4487
9545
5723
8545
1302
4137
1219
6855
5706
6133
3246
2355
5768
5648
4077
8646
2139
5184
2545
9662
5060
1569
3560
9283
5687
5192
7403
515
1777
3652
51
6264
3196
2126
1160
850
2614
8730
7704
8319
1214
7302
673
3333
2949
1101
1978
1439
6284
875
1100
7695
2443
4660
6977
4481
6203
4380
4995
7980
8031
1398
595
7578
3523
8106
8427
2488
3187
2483
806
4400
9784
7830
7732
9084
8930
6062
522
1565
6936
7973
5611
5730
2632
2588
211
5187
3319
1557
9518
7701
9306
6464
5278
9180
4569
57
1667
7755
2539
2472
8506
8674
301
6237
4109
5582
8650
4630
3498
1937
8954
9109
7667
1586
8048
4229
3124
1366
2137
2641
5418
1443
9104
695
622
24
7103
2289
7778
5993
1112
2635
4666
7765
5223
8774
9698
3873
9755
3196
5809
8709
8656
9827
6646
3055
407
9769
772
2544
8761
6189
338
7864
3235
7311
4239
338
9599
8368
6330
7063
1002
996
4827
6224
6121
4524
96
2228
4071
2257
7288
9078
2083
3933
2132
8842
53
2903
1385
5165
5443
8074
9380
8678
5384
3618
9015
1335
1985
5344
8397
2986
2691
9575
9209
5164
450
5657
7391
873
7913
1030
9950
6347
1314
8434
5188
1366
7688
2924
6530
3131
7349
5909
1808
2733
5878
7174
419
7862
2517
5167
7199
1560
4741
2759
6723
1542
8415
465
2414
2679
1494
8716
5378
2807
7149
6917
524
4836
6193
3405
7966
3541
5665
6125
2625
1542
3298
3043
9403
2167
8209
2953
78
9301
5711
6800
7195
4126
3616
9608
3156
1461
8323
4885
619
1823
1802
7494
6659
7994
898
976
1534
2914
3453
4159
4455
6750
3553
209
5268
8114
3161
5345
7414
8871
8496
960
9348
2111
568
2504
9923
5242
7388
6893
3417
5541
4386
75
3534
5283
7402
1420
8196
854
1930
9002
3956
5482
9210
9223
3595
8722
4568
7361
7593
9415
8320
6940
7878
5239
5795
7800
6833
9535
4693
249
1427
9078
6675
4961
713
428
2732
5260
7634
4661
614
1589
6494
9823
7163
6441
8545
8082
3801
2489
7497
8472
5780
5374
63
1575
9525
3247
7461
569
3495
8887
5999
6521
199
6711
3300
9282
8322
933
294
8935
2521
6788
5110
6036
3228
6
4117
3380
2494
1613
8203
8273
3338
8265
6199
2863
1511
11
3431
1357
8898
9429
4229
5448
2491
7529
4730
7165
4813
5023
2451
3686
8162
7560
9721
7741
3917
3837
1120
6410
5450
9323
1035
5139
3939
3585
8001
1802
3596
7784
9510
8845
3564
3739
4292
2407
7619
5373
9571
2431
6748
8373
6116
4909
5933
5836
2650
6201
9673
121
2611
1474
5795
9997
6612
9734
3581
965
7887
3528
8748
7396
2372
2311
1134
3016
4717
8752
8388
639
7535
5135
9012
3650
6396
1296
5838
9045
7496
1862
9165
6458
9687
4960
2806
6298
1045
6387
3614
8931
9914
2361
2678
8638
1024
3812
1653
2092
8915
6392
9083
6449
7879
4446
6451
4274
5741
8640
9670
9588
501
5186
2398
187
6497
5203
2836
3893
1589
2802
9175
7855
1514
1853
6492
2537
5664
4496
981
930
7239
6415
3731
5117
860
6533
5742
6600
5172
5411
2539
2024
6949
4936
8562
3445
139
7749
3690
8079
550
2864
2285
2064
4716
5128
952
379
9623
8284
7661
6862
4698
1391
8330
5557
4275
4072
8508
9446
5834
7399
7821
2782
2334
6382
2579
8824
4130
6268
6903
1032
9131
5539
9447
3847
667
398
577
289
5034
4589
3502
9731
5979
1832
1640
253
2255
6499
6050
8088
3897
3870
7222
6231
6603
9800
1406
733
2419
4660
8116
1549
199
7562
1747
865
4311
8676
7505
9344
3264
1007
5427
5595
9190
7066
2199
1444
3564
4601
5883
7461
8470
3104
43
5073
9255
1448
2157
1673
2460
272
9574
2658
7833
1320
3522
8495
6347
7378
7839
9611
4736
3265
1557
3925
6682
3755
1720
245
8355
3955
4057
3177
7058
451
4601
2665
8251
6757
4337
710
3380
3910
3367
1212
1582
3240
9706
4280
617
3896
242
5353
3512
1798
5629
193
1905
3701
6790
6611
7655
7198
6139
1064
7649
739
3728
5899
7495
8065
2960
874
8326
6326
8437
6259
9565
4495
539
6533
4742
780
8237
8254
8930
3866
8446
7186
7566
1587
3796
1572
8785
9935
2635
2785
7025
2715
5035
4520
7131
7994
1745
1808
4319
6534
8067
235
1028
4957
3119
5769
2088
1356
374
1017
5221
8820
8202
9138
6758
8350
709
1894
4636
9695
4678
1660
2409
6064
2531
5891
4057
4276
7699
4727
7161
5765
4961
8188
7073
8080
308
9160
9435
682
6529
1007
5853
1082
6496
8962
9431
7204
856
418
3250
1885
2078
2011
7949
960
7901
2005
1587
5599
6732
8747
7715
8044
3286
4787
2475
3594
299
8261
627
6827
9267
6479
7908
5762
5440
3691
9317
2647
4108
8919
4532
2537
929
2480
3497
5181
836
5083
7132
7567
3830
1198
1963
7115
2337
4437
7060
2635
2698
7686
9461
8316
516
7368
430
2308
1058
9746
4954
5166
5016
5837
4054
2296
8316
7550
7477
9152
8985
960
3070
2814
2157
5032
6280
4493
5821
9692
7127
4870
3729
2939
3185
4245
307
3614
2904
7716
9712
7857
9233
4727
46
3287
7023
4713
7188
851
3864
6172
8162
3286
5337
318
4669
7969
1163
489
7660
4641
1710
1388
7580
4895
1984
4238
4860
4887
8305
4571
9096
7538
5650
9141
7176
9024
3853
4363
6226
4069
6887
4387
3706
2223
1056
4726
6543
2218
1567
554
6859
3276
8294
790
8170
277
5027
9382
1516
9683
304
6963
7220
5953
6103
747
1328
6307
1462
3905
6727
8348
8291
6784
6922
9347
1510
9817
7916
3076
370
1126
6351
8663
1915
873
8940
3293
254
6807
2976
557
3769
6547
2862
6223
3646
541
2529
5107
4446
5608
9806
9088
8743
3079
4786
252
2895
2702
9679
3265
179
2382
1927
8446
3254
7218
1738
9859
4024
1065
6767
7792
3964
5980
366
7609
6521
2895
9067
7318
4854
8872
6405
3596
8302
7543
200
1197
244
9878
813
6774
2259
2739
5219
1864
6309
6957
1722
6684
4373
4841
828
8336
820
1193
2296
3692
439
7714
1009
5292
6585
3766
5240
1239
1308
5439
2435
7903
1668
3247
4676
3927
2337
6247
2142
4997
3203
216
1681
3927
5056
2508
8615
2227
3700
7262
5919
4139
4976
3279
5782
7912
3396
7373
9150
1055
2811
1584
5309
831
1182
6337
1109
9871
2583
3250
4867
2137
3465
6547
6063
4872
5406
1029
7099
5458
8291
9369
5948
3266
8999
1729
1177
8747
5454
327
9801
8264
8262
1462
5446
9444
7798
6554
9314
6732
9804
4180
8868
9620
7079
1282
844
2484
2311
4294
7941
601
3662
3888
218
9012
1969
1394
7758
7422
8072
3911
2037
6334
5372
7483
5777
9521
388
1442
6252
6543
1973
5119
6163
9051
6400
3358
7887
5062
7651
2179
2014
7664
6067
2231
6675
4387
3625
785
8160
1696
4695
6548
4381
6418
4030
6509
5938
770
7950
8541
7312
6275
3659
9826
1677
6410
3183
9563
1472
833
1742
3485
4848
4160
2068
7875
4898
5692
8659
3057
3739
9705
9604
4472
2474
9986
980
4763
755
5282
3303
8066
7908
6961
7892
9584
9722
7426
9147
7545
4611
7240
7382
9458
1399
9449
7332
6296
1492
2342
5704
1582
8398
5307
6053
871
1644
3385
5633
2398
5018
8935
6816
2925
2247
1059
2508
8321
8484
1654
5865
3094
8893
3246
2552
6643
9046
6235
9290
6889
8577
4993
8471
6974
6652
875
4197
8295
611
9829
693
1980
5116
3860
4904
7362
4918
3764
5682
3401
1769
7899
2847
7014
7496
1750
3656
6542
7984
2946
9782
6560
4290
8252
9886
941
5479
4082
9236
2441
3910
6280
4421
5377
139
9324
2739
5056
3087
4772
4808
1208
2670
7654
8221
166
9403
1876
3059
3739
1173
2840
298
5463
7444
6535
6403
2922
616
5638
1714
878
1917
6134
6254
8407
1810
5344
3462
1248
116
4622
2455
9137
8627
675
9302
4382
8903
2360
8120
75
1552
4769
5537
8995
1304
8292
8268
1919
281
9981
9148
8550
2467
1754
6956
4276
7097
6770
1875
3564
1391
682
2701
6369
7708
2002
750
6610
714
8869
6685
2265
3638
8573
1259
4941
3216
5878
3211
3497
5858
8711
2046
8324
464
9001
8951
7560
2122
7178
1124
9864
7859
3824
6233
5566
2177
6982
8528
2890
5851
5212
1506
9488
136
9116
780
3352
4993
3990
6848
7203
9052
5245
5526
9515
597
829
3427
2719
4358
4550
2582
2216
4725
8814
4133
3253
2148
2660
2495
7998
4223
4000
3837
711
9468
4616
414
4460
4957
3613
1662
4009
8857
3540
9875
9453
720
3301
8523
5077
7850
7457
3644
8926
2622
7776
2179
4769
6788
1025
9118
7362
5024
2954
8072
843
3921
4837
5303
5230
8449
3316
5590
7305
3207
5464
3110
3926
8765
7984
9002
2966
5440
2645
8244
4414
6773
422
9182
3560
1446
8300
7273
2821
7605
1697
3664
7878
6533
5318
3107
4982
8633
8696
2286
8192
511
1747
2117
9275
9731
1119
8593
1522
115
6836
5935
6887
3609
1469
6798
1406
9768
423
578
3724
2119
593
1601
8651
5910
1059
3632
895
6106
2270
9086
6617
368
1202
2243
98
8672
7187
7972
5139
4022
3906
8377
3982
5374
1527
1739
1493
1949
2317
1569
4067
2909
9521
2717
8819
6932
2701
6065
3037
1322
5150
6005
1689
2703
4600
8139
7727
1786
6110
9217
2160
6367
7593
2493
8093
9119
4232
5937
1067
6548
3857
1485
5808
3378
554
978
309
3254
7042
9697
927
8543
5702
2615
7598
6653
753
1676
4790
3214
892
6949
5933
8484
5794
377
3955
25
6313
5021
2924
170
2858
8731
9899
3411
9709
207
3016
3102
6255
3942
1645
8308
6556
5594
4960
3661
7269
9750
3226
8160
3050
9158
6643
8843
9534
597
8867
2199
1970
8142
2368
4827
3225
8618
8237
2933
5176
1252
2386
1430
1545
382
9738
8100
5975
4697
8112
3243
798
1338
7754
3848
6847
749
2690
2733
7697
7909
4931
9666
6050
3650
844
9274
2267
5432
8558
7442
3035
7296
5223
4579
7677
4960
9031
3652
6009
7142
3246
6806
4831
7352
7005
1678
8100
9695
4410
5796
3955
9340
1814
6356
2989
2657
1982
1607
4441
539
5400
7475
4186
622
8406
1863
1934
7436
1866
4294
4577
1463
7451
5760
8814
4456
7437
6913
502
1846
9061
4456
7537
874
811
6877
9882
2792
4835
4322
9683
234
8149
3868
7207
6554
2082
5492
3989
3947
9785
4917
1762
3588
676
575
8043
8112
3840
4896
6309
2900
9351
197
3773
6513
7073
6
5657
1907
4328
5339
8492
2476
5558
5699
9029
3992
1190
9369
7938
7327
4285
6051
914
1313
6626
5308
5776
6817
203
8437
9716
5905
8633
9840
8769
2058
9845
4425
3964
524
6115
8808
2999
1673
4506
8379
2016
2047
7747
9953
5725
8384
2356
2990
6048
8981
8297
1823
2149
4851
259
1864
7107
5244
8055
5876
7301
4251
300
7616
4775
2767
6423
4125
4439
7280
8856
2806
9327
2954
9110
5051
7689
1465
4393
3736
6797
2689
1911
8945
3892
8521
7160
7350
3764
5214
3225
1064
5817
9877
5032
6943
2643
1454
7419
3433
8734
6274
6238
4412
5580
5347
5814
3268
3164
206
7004
9960
9247
5266
8905
3138
3786
6064
6839
3902
7630
6416
1317
3446
6292
6348
6740
5286
7802
4158
5070
2887
6784
7659
7298
2363
9357
3111
5630
2520
9669
8985
2480
8915
602
1384
8404
4388
3799
5242
8289
7780
1657
5957
1225
7948
2305
4316
9585
6458
8474
1006
9344
5257
8664
2993
3971
8021
2455
5952
540
2123
4937
9371
7389
5538
7106
5792
6277
7257
1034
917
5036
2690
6874
2613
6990
5530
6928
6574
1987
5401
7580
7682
7009
2595
7026
7331
615
5832
3283
7507
7955
4571
3229
5343
108
335
1135
2737
7591
8520
3653
8978
1209
6878
1590
8198
2407
8518
1124
745
270
5055
8426
3631
7649
1803
961
4616
7635
4243
8474
5589
8813
8054
7283
5273
8388
4769
4361
2330
3288
4365
1308
849
1243
2897
9046
1
7766
6521
746
8036
1575
5523
1666
5576
7326
2626
6543
4960
3221
1368
6900
8385
9421
534
9
7809
5303
4369
6490
4942
8734
4149
5790
6328
3398
1188
6328
1163
4060
7073
9198
1987
2596
7215
7562
9921
6193
456
1232
9413
1823
8131
4149
1243
8664
4158
5403
318
4878
1893
5260
3611
2393
7401
6290
5790
4940
2618
3305
9000
6042
8854
986
4989
6069
4899
1261
2261
5354
2492
8025
3528
622
2173
4770
9286
2682
173
9603
7560
8417
1214
7522
7161
8615
3812
9303
9906
2781
2607
8905
8822
7812
6242
3811
3880
1140
5071
2492
2845
3915
6868
6372
4536
5393
7494
173
8074
7666
6128
1985
2434
7341
5859
9594
2307
6022
5248
2213
8802
4206
7469
3975
2018
3711
4137
2249
1202
5560
4741
4047
9474
1608
6770
361
3352
4263
534
1426
8280
6661
9762
713
353
1972
6659
9012
7993
8258
7576
3146
2464
5044
3473
4481
5106
7609
6729
6308
9520
7821
6706
8993
5781
3475
9354
9132
7738
6239
6909
2369
2899
3023
9434
9603
4994
2444
8614
2987
701
6189
2484
3164
7585
5956
3996
2690
3565
725
5349
3084
4897
2054
8429
677
5529
4134
9809
9618
372
3069
1986
9622
6091
1419
9224
1085
3862
4190
423
4563
378
2906
4078
4314
5214
8074
7004
8778
5150
2352
8213
46
758
2993
723
6286
7126
6883
2255
7497
6303
4240
7118
2394
2011
2694
9830
5872
6883
6604
6786
3612
5861
864
7926
1074
5289
1281
9851
438
9984
4416
483
741
7408
7557
3378
886
791
5632
8382
7094
9872
1852
5839
1882
4545
5668
4105
1427
8623
891
5038
4483
8106
2963
5557
3394
595
1759
183
579
2526
665
1319
9934
4574
1049
819
5364
6680
5552
8809
6551
7403
4647
4784
1947
6666
5241
9725
5288
6131
1115
6123
588
429
1679
3981
1024
9789
4163
1602
2315
1179
9272
8600
2104
320
5770
3820
7000
1321
2628
9902
5076
3627
1038
3374
292
6278
3099
1932
8760
4213
8054
5699
993
6084
9679
2016
5872
193
9969
8186
7723
9241
6785
9827
5912
2554
3646
9263
227
2625
5517
5302
6251
2906
8675
2895
5535
8125
4826
4294
2337
9231
9992
3330
5314
6022
1697
1185
2566
1666
5723
6640
7258
8859
2818
9521
7765
2815
8784
7991
5440
652
3292
1690
3557
8318
4584
9091
6443
5761
9736
5131
4991
6079
4812
6656
8452
6509
4193
7369
8174
9915
4008
1783
5125
3178
1303
2889
5992
6438
7231
7783
7089
6874
9473
6997
5192
408
2439
1634
2521
8526
3116
7511
4604
7928
519
9407
4436
4711
6775
8961
977
7135
743
6101
312
8397
5342
2655
1187
2572
438
8275
9446
6262
1624
989
3021
4062
2622
5541
2588
5737
9404
3543
16
9922
2950
4451
984
6076
3411
1960
9562
505
8060
6225
5254
3401
8880
6440
2325
5669
1066
1770
1930
2689
9110
4950
3103
1731
6843
2042
3819
2598
5584
3835
8871
4885
4637
9854
7313
4400
1813
6874
1256
6224
3099
6509
5977
1978
2948
8301
7646
366
6422
5927
9406
5531
7228
2508
3613
4070
4549
3783
3019
6485
3969
1889
7721
8606
1742
5033
3005
3554
1907
612
6130
5005
7121
2106
3334
6420
6758
979
6785
3179
3257
6191
5061
484
5050
8673
4554
5951
8807
3924
2435
2776
5813
6507
7733
7554
1540
7089
7460
3446
7700
3589
4802
4820
2046
8135
7592
8803
5465
728
8333
8721
3270
3393
5556
8320
2065
6461
4270
871
385
3056
9998
6197
9562
7730
3750
7453
4818
7561
898
2518
7501
2051
3689
9546
6537
1280
8348
2001
2008
3032
7073
1629
6424
2629
9948
4840
9089
569
2063
9473
9976
2060
5669
5890
9790
5771
3342
959
9683
592
3476
7184
2642
3517
6729
9179
4796
1429
7531
3155
4460
956
4784
7236
3584
1083
2075
9024
1652
4137
8497
7979
2549
517
3868
2338
2639
7210
9648
2322
7801
3124
5857
442
6640
8937
5972
7787
6717
9855
7294
7529
810
2077
4764
4393
9511
6838
3416
7514
7327
8264
5493
9875
5133
9360
8564
4123
6569
8211
6444
721
7686
8652
7515
677
7589
3486
8464
4305
3340
5757
1833
4149
4185
6596
4893
47
9786
4661
7561
7112
9276
3053
6986
760
8764
5549
4883
5333
111
7678
6053
7797
6330
3567
8473
3918
3405
3288
8222
3096
9044
55
3597
9580
3002
8489
9627
2787
9501
3539
9898
8777
2943
6883
9536
1706
8783
770
3390
8894
8448
9443
3042
1129
9361
1514
5046
9117
1154
9619
2213
197
6025
5809
6129
9027
649
2107
1813
150
1997
1711
8926
4939
4945
4813
6644
80
1935
34
5325
382
5828
8366
7862
1540
6231
2907
657
7384
8877
9221
3933
4902
5029
6413
3928
5677
4871
2092
2178
6867
3802
7455
1805
5099
8620
4800
1530
554
1185
6854
7287
3364
1571
5148
4904
4153
4406
1912
1537
3282
7484
1821
8183
2512
4585
8462
4540
9455
554
3070
2673
707
524
829
5805
9143
5628
7334
9696
3165
539
6982
6528
8461
2129
7783
2614
2886
6046
502
6168
3529
2322
702
2392
3258
9164
6932
2712
6069
6353
5384
6775
6876
2564
8932
6019
8191
2617
2066
7707
3156
5400
4235
7968
3880
8369
581
6766
4415
1082
2933
7943
9755
9986
335
3012
9149
3618
2075
1569
9970
3810
8344
3197
6373
3627
9215
916
6243
7633
8622
5750
3032
9208
3718
6911
7577
4298
3676
1991
1732
2960
6285
1486
2946
6619
850
8446
6588
2924
15
2909
6734
4710
6106
9458
8336
1672
373
4578
9304
8995
328
8687
4554
397
5598
2130
1046
5625
472
2777
8585
6757
4263
7882
9727
5112
6327
2667
4387
2693
5575
7472
7402
1680
6930
5737
9704
7302
315
9007
2648
6994
4046
7202
7390
9643
9331
8435
1619
6155
7564
6555
2911
1826
4436
8989
3289
7115
1655
4027
9807
7230
1499
7209
5261
8428
2945
4964
2081
9611
323
4729
6604
4368
1930
345
362
7612
5132
8332
3766
2695
4887
3028
872
9322
2017
512
6436
23
4538
6243
3604
2388
9803
8865
815
2747
180
2896
2358
6854
3976
5313
7573
5905
5658
4286
9868
7141
2618
3634
6187
7504
6661
7058
3177
5029
3921
9613
5052
8458
2207
8655
846
8361
3871
8012
1107
403
7259
9816
7256
1234
5129
1181
3490
7138
5466
3358
630
4435
3343
6816
1938
6355
225
5115
1384
4145
1079
2787
8954
9637
7793
6151
7997
1664
515
5455
2066
7773
5271
5673
5359
6751
6853
8848
240
8671
8557
7221
3105
1899
4036
5043
8254
612
6509
5989
4756
3939
5127
61
9927
2919
6212
7923
4582
3078
9729
2999
850
1351
8672
6208
4453
1876
1408
4692
546
9964
8264
3
1863
2299
1397
6468
2910
7905
2456
4017
8195
3934
4078
8121
6852
6641
2395
7786
9718
2123
784
6919
9826
5807
9479
4278
7683
886
5322
4580
849
3585
4582
9063
2236
5978
5530
1497
234
4337
5514
8428
8270
5943
2900
5122
8935
5294
2907
5004
3769
42
1922
9946
5849
1400
4223
9883
8637
5896
4462
5838
9481
5396
4900
1716
1373
430
3212
7959
1118
5077
6386
9388
7371
5638
861
6305
931
119
1308
1051
160
9582
996
2360
7333
1571
2242
5970
7466
3056
1807
6946
8451
6706
5013
6175
3487
4577
4133
4605
6005
6871
344
3376
2508
1204
9680
9790
7674
7340
841
7833
6921
8188
193
4253
9758
8786
6574
7224
1841
8380
521
6643
1438
1886
2818
4924
2814
3302
5880
8818
172
6223
2193
2679
3778
8225
2469
1451
1916
9661
5636
8836
7848
2180
9440
3958
7317
6014
1181
9158
745
8053
2152
2182
9938
4969
3458
2751
4623
5689
7921
4794
8264
6465
7473
2041
4689
6293
9844
2956
5953
1831
8143
152
4010
7583
4109
7678
9948
1641
3187
692
9694
5339
9226
5983
6659
9035
5086
1281
4723
3006
6075
2986
9470
9899
1379
511
2543
7574
3466
8495
9404
1609
4998
9765
5543
5459
7442
5490
7099
629
2533
3144
2319
8110
9127
8977
3496
564
6610
8219
3569
9036
7556
9390
8934
5286
6252
1476
2859
9718
6322
8614
7678
7671
8378
3220
3129
2172
5061
228
9152
3945
9723
7822
8407
8849
3150
1902
9412
9759
6472
9332
8794
4028
8722
4079
9313
4973
5554
8524
1042
8227
7137
5071
5898
1867
4642
5378
390
6054
5605
5893
9999
5328
3714
4757
528
6863
6658
6292
6622
3130
5623
1767
3509
696
5846
9173
2021
7751
7696
9414
2330
1185
4485
4579
3051
9126
9956
9792
5180
1913
5684
1530
3592
9397
6286
4119
2611
2943
6762
5584
2424
2385
7351
2284
9432
9548
1457
1452
3650
5504
866
5979
6688
1702
6909
6090
827
6865
2233
6006
8777
7916
3887
2368
3664
172
2838
6275
9467
9600
1858
1890
8336
9208
526
7767
5107
1982
5571
8757
3837
2788
1087
6877
4489
7996
9318
1667
1212
1551
4025
6340
9466
7911
8707
3130
8083
7896
5756
7549
7495
7613
5790
5830
3173
6315
9949
8279
4648
5519
3387
4837
4658
826
1713
5498
5173
7382
7164
6384
8932
1188
2723
4750
9099
7781
4231
7181
5676
9986
1081
3171
7598
6870
5352
770
9537
5300
5401
536
7170
8787
5372
1827
5964
3436
7324
1136
818
840
7519
6101
2027
6593
850
1125
4373
1432
4657
49
1417
2089
3219
5367
8959
8570
2488
4847
222
7888
5382
7391
3027
754
5570
8990
4189
9245
6478
5006
84
3996
1107
8463
589
8308
5939
4961
9740
596
1361
7508
2684
4579
2874
7994
9501
5362
2840
6074
9601
8222
3464
2627
5327
9033
7969
5867
4630
4446
7225
4713
4793
4683
3175
5381
2990
9114
6694
9081
6061
8054
6589
5096
8985
9462
9442
4837
1175
2281
910
776
6854
725
9754
8532
6110
7722
4399
739
8519
1623
1803
3312
6305
1330
5044
5646
6795
8089
4727
2855
2495
1315
4302
7831
7128
3743
2667
8303
2376
9928
5430
5581
7004
5183
4113
3113
9257
4863
203
7775
6485
2006
7438
9141
3335
2482
4786
129
6922
5864
9335
9416
7178
3636
7246
658
3731
6264
8960
6106
6191
4389
1686
3195
5923
2150
2659
5179
7012
2862
2954
9848
4867
391
8988
4553
9224
126
4681
6146
5989
367
1913
9519
4002
9159
176
7732
5422
5487
189
7965
6227
8227
7511
2149
376
169
7328
7388
3030
6633
3587
4248
3375
2575
8800
8951
9052
9832
5096
5040
6550
3360
910
6904
2518
1085
987
4292
2923
1176
8608
9149
9402
6118
7650
9777
2638
4977
3516
2020
7961
7103
6267
1335
6029
1419
285
1432
7602
1732
6471
4152
5092
3733
1055
3961
1169
2041
4604
4092
9568
3211
9592
8969
5680
7241
5098
4670
8569
4965
6689
6529
2067
9307
7864
4447
7077
8148
5878
1031
6232
8701
5182
1323
2433
2588
1635
3601
980
6239
4044
6900
5801
3636
5868
7833
876
7317
8854
9445
2282
5542
2325
4348
1200
188
5147
8277
4688
1024
9307
919
9724
840
8593
8508
9779
227
8461
7110
2817
2504
4009
4970
2491
9877
9154
9719
3545
8007
5515
5826
9900
7839
6526
1099
8027
1672
5727
2714
9047
5033
9984
5123
2224
4928
3630
2002
1506
8442
9112
675
946
9472
5644
9788
5700
1149
9506
9245
9155
5020
1422
5406
2859
7947
6504
7237
5970
2231
6302
1369
3615
6285
6491
2191
1212
6472
544
9069
4914
6007
9743
2211
5479
1738
1998
1178
2886
1504
422
8392
2875
1844
3797
5733
6142
6653
2969
8464
5235
5622
9832
5201
1906
6322
7391
9469
2793
7935
8538
4058
3941
4632
6268
9419
6370
8266
597
5607
6121
7370
3999
8995
5565
4147
1080
1707
799
400
170
2385
6022
6353
7586
4279
2674
4976
100
1818
2910
4989
5876
3203
9620
2143
2621
5989
6760
9569
1596
9232
6939
1946
4579
8855
6092
5658
6913
3243
2409
3434
5627
4782
9786
9564
9061
2459
4540
5512
629
3801
500
6504
7003
6471
4998
9624
8812
1758
5544
6759
989
2482
8704
1919
7689
1147
3928
4601
741
6337
8035
2720
7470
4172
2283
2882
6631
6822
8393
3611
623
8892
114
3977
5363
5111
3600
526
3220
9144
7284
561
7977
5987
2479
2017
3485
6407
6618
4226
9095
1004
6945
6564
5175
5579
5798
8157
2401
4190
1767
9375
9434
8232
3351
1148
9695
3303
1673
2914
8798
8956
9826
3126
1294
8657
5143
4778
1415
8112
9003
6861
9115
2299
3424
641
7878
9221
8798
6630
9763
6916
2356
9196
5148
2058
343
1194
1712
8367
459
509
7322
285
9987
8615
8941
5129
9744
6707
3240
8747
3567
8706
7397
3342
9346
1626
8915
4495
4607
8677
7763
3314
7872
9262
5372
4566
455
3435
9284
913
296
6605
7549
282
1571
2841
5410
1314
9547
5001
6412
3113
58
3809
6455
9403
1786
1721
250
6393
397
8012
6058
4620
7273
1429
5537
4079
1216
4820
4991
1511
1424
2540
1792
9346
5380
3553
659
1279
4905
3423
743
4962
7231
3549
716
5368
5269
965
8112
5665
5328
4170
284
2600
1950
2172
6678
3165
6991
8021
4675
4766
6912
2818
4111
8643
6370
1122
9921
1274
4544
664
2587
8126
564
3303
3493
5833
4267
7957
1497
9595
2126
8133
8546
4075
304
1576
3592
3647
9596
8266
8412
2859
1084
8875
1501
3805
9996
7774
1431
4539
4789
4017
9016
5352
7319
8860
1184
7938
6816
9033
7532
5293
7165
2429
9368
3820
4004
9311
7466
9951
7576
5878
9161
5011
4752
662
8816
1099
4787
246
1989
9575
614
1004
1278
7933
9863
8814
5870
6679
7846
9753
1971
1362
2181
7690
5181
2537
7000
8999
8839
928
1228
8000
2290
2331
5013
7457
3429
9799
4054
1769
5725
4668
2772
7002
2600
2634
5815
4821
5664
12
4573
3987
1373
3105
8028
2906
1993
1380
1904
832
8659
9483
8831
948
1813
195
8405
1593
9993
8810
3361
5717
3477
2484
9070
2428
1469
4885
7248
7133
4896
8172
7471
2621
7629
1850
5526
9621
3229
3781
452
8239
3263
5634
9187
1427
2180
3943
9371
2172
2752
2731
4240
2581
1566
3310
5008
3034
4546
8608
166
5793
6779
3988
8413
4407
5838
290
380
5418
4070
7183
3657
3684
2817
9195
1462
1348
3137
832
3520
2240
9914
7759
4820
1479
7420
6180
4513
1965
4787
1030
4110
7917
5018
8874
2324
7207
9164
2703
2624
9585
9885
2632
9621
9053
1826
1082
401
4962
1914
272
3554
8179
4382
4725
6010
1802
904
522
118
2042
1551
579
9959
2920
9453
2282
6478
8616
1336
9102
4552
7572
1733
4172
2977
9911
5254
9729
4872
3519
10000
4777
8049
733
9502
4058
2534
6757
4579
9004
8799
2482
9582
8757
1753
5386
7390
8231
4001
5077
3684
8553
9000
1768
9076
1976
1678
4329
8056
2902
4199
8055
7678
2248
8788
3531
6305
7673
6640
7236
3028
5438
6069
8962
546
7821
4347
4287
2403
4700
5715
6086
3252
4714
4206
8679
3042
2235
3008
1097
5136
3558
5504
9166
5805
643
9048
8462
8315
5687
5697
7695
7476
1765
6656
4373
5937
1002
5011
8340
5701
725
777
5304
5439
1334
3983
8480
3569
3342
9576
5056
6899
1431
4221
9056
2073
3269
3869
6740
8955
9565
4434
2783
7681
7441
7155
9969
8442
2166
4660
495
9242
1789
2150
4680
3122
2484
9511
3042
2177
5439
8098
9076
6869
2318
4483
8942
1938
8351
5681
7245
4267
6466
27
8299
3906
3533
4619
8699
2050
9279
9193
1292
7419
7695
5971
6892
178
1834
9934
2355
7272
8031
7782
492
6700
8616
5785
8638
3318
7817
2234
7584
4282
8612
2234
8187
2144
6852
6886
4194
2482
2430
5485
9900
124
7807
6792
302
5992
3077
9008
9615
7459
6789
107
4158
1756
2243
9147
5073
60
7732
9008
4341
6343
1241
2528
8487
4444
5765
9032
3278
8194
868
9529
8318
5026
2672
4971
1018
5748
3978
632
9558
7118
7090
68
8873
9333
9214
297
9392
3298
9304
84
9640
6896
2611
8126
7691
4727
3509
968
2921
4376
6849
1238
5754
9520
2560
6771
1620
2889
3754
1177
6358
7196
1244
5230
2880
6810
5526
2271
107
1181
8706
9746
8076
7669
4224
5766
2395
4084
3086
5315
4812
9934
2904
565
5805
5463
7335
7424
4703
7440
4953
1060
4635
2548
2641
7514
9357
4518
6136
5815
5698
4842
1913
3773
2510
2488
5891
4904
6571
8976
6571
1382
8909
9474
1946
4713
1289
5632
8489
5991
9424
9793
3403
4058
2340
6043
7924
8049
561
4059
215
6258
5252
2127
6383
7761
966
2273
9017
7537
1248
1939
5270
6508
1412
3568
7572
9052
5551
6060
1395
4974
5852
4797
5384
4544
839
3307
2592
1399
7365
2806
4009
2617
1285
391
6729
2250
9015
2097
6138
6614
4035
1408
3121
1799
1327
692
7202
6877
3104
8596
8203
5307
9744
3586
9850
583
6892
8793
8333
4256
7951
8693
3224
9235
5435
9953
1484
4449
2049
3974
1062
2436
5381
534
4234
3059
7578
1435
6287
7033
6383
4489
2339
6126
8074
8541
3060
4965
3685
1393
5573
1635
85
8796
7221
5520
5100
5057
6320
3501
9030
7382
5936
762
4267
6521
3820
1844
4307
106
8876
689
4595
7567
3167
9020
6107
6226
3985
6143
7618
5909
7778
4055
1056
1350
5926
6156
6406
2245
6008
5435
5978
8295
6196
245
4815
6367
8440
5473
6473
7316
2514
7419
4882
5680
6438
7340
1905
6774
9834
5875
9034
3963
9929
90
5313
2206
2597
1718
802
8604
3505
3132
6898
6052
3376
8064
8771
8167
3536
5243
5482
6049
9013
6715
1728
1802
406
3633
8576
6592
9507
3961
554
5787
4050
5866
4344
6646
3936
5145
5249
3792
8276
2146
9843
8003
209
8613
2522
97
207
4355
6145
5571
7422
7873
7373
7827
7857
2300
770
3715
6260
1324
5853
310
3541
196
3307
7476
1692
8556
1267
6320
7053
7462
674
3614
2426
3195
62
2633
7550
6206
8203
4971
430
1927
9149
4638
4226
9919
4704
6838
7594
556
3499
1134
7103
6805
8610
5147
1712
6228
1466
5117
41
2139
5082
2467
1686
5143
1451
9235
7700
6005
557
8130
7932
9705
9119
2157
5975
3823
5346
3568
730
8844
4702
7833
5649
9663
2979
7360
5890
796
8828
2283
9286
3909
4749
971
9051
6199
6557
6751
2203
7113
1232
134
6818
350
8643
2792
524
3988
2712
1254
2832
7413
5438
4832
7075
8416
8543
9316
5563
7371
1598
4848
1279
2698
5819
6682
8896
2375
9784
7451
9488
7367
3936
2657
4068
8930
1800
4592
2918
4511
2197
2101
8275
7634
3284
5349
2401
1826
1017
7963
9196
8966
2810
6827
1664
4980
9860
6911
7355
9643
4361
3194
7009
8297
2202
7428
7226
4001
2019
6495
4864
4215
4947
3138
8200
8230
4839
600
56
5855
8562
5603
4820
1372
2429
2835
2703
2288
9746
57
8282
4106
9602
1642
8754
1803
9070
2332
2156
7440
5178
7019
1655
125
156
9854
4706
1346
454
4761
7200
5367
6716
8372
3090
5496
1206
5793
4136
951
2201
2417
1409
1803
4059
6514
9957
9480
8845
2112
6919
4023
9130
4925
499
5638
1131
5204
6983
7936
6317
535
3302
3032
5258
6392
8527
6463
2184
2662
3766
4384
1431
1526
2538
1841
8039
2495
1320
3236
4606
8238
7258
88
9515
4108
2077
645
9311
5411
8580
5627
5945
1881
5010
7554
8272
3537
4017
6807
2550
4134
7543
3980
5659
80
5820
3697
2574
3491
6932
3532
8081
541
3619
7595
1000
2047
8239
311
7457
6818
2289
9754
5050
7299
7307
3322
7187
7675
6480
6088
1808
374
68
7466
454
2239
7515
9379
2082
798
2910
162
7691
2880
7756
8690
1278
2346
9000
8735
9163
7641
4840
4212
1291
2146
3885
4829
9821
6717
916
7980
7090
7335
5446
7543
5926
9312
3274
8007
109
2535
8168
7799
1767
2275
2841
3044
4620
8192
1778
134
5832
2969
4345
3474
5115
4582
8302
1287
1298
9218
9266
8387
2904
1063
2282
8829
6726
1907
6835
6835
4441
1354
985
6207
3628
3825
9251
4599
8369
7380
4732
4200
349
5429
7674
1815
10
2327
9453
1307
1544
5070
6045
800
6133
4678
9628
2858
6584
2815
6044
7377
4168
3381
9935
4148
3557
5537
8746
1925
9269
9830
2477
9617
5258
6502
7783
5267
8828
3587
2925
6724
8656
8969
7523
1140
9999
7150
3998
2934
9964
6393
310
484
6125
245
4631
9682
5781
9728
1606
5049
9557
4082
1017
4814
583
5151
80
5763
8737
9356
2486
7393
4677
8
8532
4675
3509
8881
7608
9825
1626
4270
308
7750
4514
4938
7431
6646
1017
5389
8047
574
9470
5415
5387
6405
566
1819
8519
5654
1174
1004
3046
5850
7363
7930
6876
871
3162
4484
7047
4787
5105
7354
2537
5970
8643
6319
2615
9660
1707
7013
6585
7529
2428
1971
285
9345
141
8803
4998
7667
9806
4396
3516
3520
8677
6744
742
1838
1227
7789
6625
2683
1494
5513
8652
137
1831
1266
6148
9890
4631
2732
7418
7058
1054
4054
6402
1195
2856
7751
8861
9013
8498
8728
2532
7174
5471
3273
9012
3049
7413
1988
5731
8907
7500
4382
9043
5682
2000
5190
5571
6630
4273
9340
3687
5326
3393
6440
6520
6248
542
1732
1612
9040
460
4143
6213
2282
3768
1576
1683
1180
3563
7413
86
7414
8147
5480
3096
146
7021
5018
6775
1293
4358
6813
6619
4102
9604
9490
6702
6497
1222
8313
5536
8033
2456
8101
6666
2575
9676
8348
3754
3239
5761
192
652
3907
5671
99
404
2692
5117
3530
336
5826
342
6954
9927
6297
2796
2980
2793
4017
1293
4681
8401
100
2781
5066
2674
2456
9766
2779
2046
5526
9322
9050
5784
4993
9148
6187
4036
616
6068
4371
2793
6409
7677
9072
9057
472
2051
8201
840
3343
2881
9240
9794
5661
657
8819
4469
422
1598
2866
2299
919
1915
8082
2263
7415
620
2650
8030
3039
7021
823
5799
1049
9894
4855
1520
8296
3056
2359
7991
2288
7950
7784
4301
8606
2955
8769
5380
904
7986
7678
8174
9901
2112
437
3667
9083
3086
8048
2122
6458
5222
7920
7506
1467
9127
5377
9763
8534
7735
7753
821
2036
1888
5121
642
4842
241
2373
5745
8227
6402
3919
4479
8513
707
8145
3948
3792
2544
2421
6602
7766
340
459
9232
5818
5836
8994
4351
9922
3098
5172
1958
4986
6644
8951
6179
6885
1323
1924
5111
7724
2194
5941
2589
2900
437
6536
3043
2980
8956
9644
745
5647
6455
9977
1465
2290
5322
2167
2211
8420
7338
4168
9757
3982
3118
5935
7218
792
4210
8680
8516
6403
4620
7456
9302
1408
3991
2345
4387
9298
8340
1484
1296
4794
7812
9112
3435
3133
1279
5646
7904
4968
6165
4012
5301
5635
6299
2518
6426
508
7549
1293
3263
2168
5100
2564
3575
5442
1260
4314
4739
5952
5797
2387
7097
3608
1498
532
3092
2776
2529
7348
4096
5045
1359
9396
679
7657
8266
3457
4517
5814
1101
7779
4334
6201
6694
4260
7994
4306
8573
2733
6609
721
5119
3705
680
2968
588
3772
5744
9468
1119
9839
4513
2477
5586
1543
6486
3851
1351
1002
9665
8804
8780
3998
1356
1825
4609
9349
6130
3182
2081
2738
3902
3551
2795
4582
6519
9734
4705
8614
9202
5823
4804
66
4651
6741
1608
1136
592
9311
8489
6608
8114
3620
6957
9469
5445
1565
8817
7926
1098
7250
7016
1352
7152
9810
2285
22
5895
6989
8635
5096
9163
9790
1513
3813
6531
9473
1301
3474
8783
6141
6433
6896
9761
9741
6364
1557
7657
1532
9482
8755
8781
6497
6458
5933
2658
8742
5954
8553
5730
941
10000
1244
7082
1513
1408
3612
985
9060
3437
6119
5201
6221
9366
4961
5961
2081
6517
3618
3612
2350
8724
8745
8847
5181
4677
7856
274
6982
6408
2355
4274
2760
3598
1356
624
5005
1319
7960
4065
1108
4078
9265
7328
3443
577
3289
5523
3445
3258
5486
5794
8333
4230
992
9865
5258
5200
138
8592
7959
2492
2865
718
6089
572
1341
7445
1891
9300
7861
9350
9729
3477
6677
9523
4053
6317
5045
3849
9574
6883
9643
4258
1112
6986
4122
6370
2185
4259
4961
144
6750
4177
7213
9190
4749
8554
6635
2991
4205
847
2340
286
4324
5368
9808
8376
1685
1205
2225
7610
8087
8219
1868
5550
1556
5989
1919
93
248
3231
6588
3349
3760
3800
2539
8508
8705
5525
7850
9262
6371
6541
9547
7046
1908
5706
5422
9944
3262
3998
7554
7700
8568
9421
3250
6475
1761
1520
6567
8360
4751
9506
1709
4862
3306
599
3369
2010
2475
7570
7623
5197
4110
3521
2243
2369
9227
4016
2313
8840
4365
6218
6540
2932
1990
6141
5758
3750
7660
8677
2110
8762
8182
3818
3623
1487
768
3343
9849
3242
912
7471
8438
1373
7344
680
94
2922
1047
8758
1761
5411
4975
8300
8342
3316
4440
452
7065
8452
9128
9174
7213
7309
9343
7188
5148
110
530
1348
9703
7794
5170
8141
5518
2513
5172
1963
5434
6219
720
7195
1629
2046
1846
6323
5361
2638
3126
2426
1089
2253
7951
4653
5913
3646
1840
1060
107
8722
2407
9810
2867
7577
4302
8384
6441
5825
347
1875
2043
7418
9069
24
9464
7266
2698
1176
6255
5823
9953
3695
8075
7904
8348
339
7901
6539
7751
8007
1612
6509
4168
4478
4085
8469
9214
6878
4294
9560
8752
2688
6977
4172
2711
2792
1437
5408
3968
7692
7582
3920
1386
2008
8175
6085
2347
6075
8976
97
434
587
6605
4601
1417
7042
9422
630
3919
3715
6541
9022
2754
9869
3193
5465
2661
981
7224
2980
5024
4806
3251
2762
6813
1426
8846
5511
3852
4173
5607
637
1112
8564
1590
2528
5605
1011
3157
5875
1077
9697
4896
3830
9565
8088
5646
8577
5420
2870
7908
444
4027
1159
3205
839
8936
8402
6350
9139
2575
8308
9776
38
6871
1365
2565
8827
8727
2073
4701
9803
8121
5948
9984
4037
387
5630
2614
5807
8499
521
6250
2525
8031
5806
9715
6966
559
2416
6105
9485
7076
2232
9522
3946
9948
2086
2773
8674
510
3825
4828
8630
9773
4811
2667
159
440
1632
2317
5290
2152
4918
4166
183
7075
3881
3500
7634
2648
9604
7118
9723
1835
2992
21
1782
1429
2793
6807
1939
2969
1634
568
9093
2797
9586
5604
3236
1217
7920
4878
9721
2838
9043
6255
9912
9275
9754
7545
1923
5710
1015
7997
7544
358
8017
5678
1786
7161
8836
76
6482
470
644
5574
3266
6581
1177
2853
7798
9097
7730
7518
8286
6773
3772
8197
2399
9877
2094
4321
5586
9460
8670
9482
9817
6686
5159
7954
199
346
8030
6680
815
5025
8605
432
1605
9782
9637
9402
5230
7366
6919
3515
490
7042
1711
2889
6919
156
3561
2504
9615
2230
8337
5783
5268
9847
3737
1818
193
1766
4849
7359
6790
3453
7791
8394
3234
7427
4148
8463
1144
7418
1977
7986
4460
40
874
7730
195
4434
6585
6162
3016
4922
1944
4635
4768
5680
6452
4960
3797
1300
2319
586
4752
6461
5332
4338
239
9479
9152
7734
6896
1129
5719
7707
7520
6592
5436
7714
7378
2021
3875
393
3294
2171
1379
8061
7850
7830
9373
1647
5481
8043
8584
6584
4503
3915
921
4741
9745
73
2474
6641
7553
8193
4347
5072
1136
6135
9137
8513
8155
9364
5257
1448
1534
6635
5860
5735
816
5232
7381
6296
3274
2317
2880
4128
2583
152
5220
2328
224
4046
8968
4128
8590
9666
9199
9725
5800
8336
4590
306
4051
6198
8105
5584
9185
317
1318
6352
5548
5051
2648
5174
7367
1879
5653
9949
2030
873
2276
8606
4918
7595
2733
3507
3613
8284
9583
9412
2971
524
6070
7021
6722
4174
2604
2258
4490
273
8609
6390
5323
7608
7915
9041
9486
3567
8990
7868
791
7617
2825
5708
1564
1909
5566
5176
192
1501
4587
9514
2024
7008
6534
5097
1182
5489
7354
2023
2114
2315
4764
7436
9922
2678
2829
9408
2597
1818
3627
3387
5786
2803
5447
7349
4711
7364
2524
1255
5216
3463
768
3592
470
3654
8688
8003
9142
2394
6378
1255
4708
1141
5043
981
171
7871
6740
2767
6040
366
2505
8177
9520
4303
5526
4231
8019
4401
5485
3234
4215
2604
6825
1037
6257
1865
9039
5399
610
1768
3005
1669
2909
4399
2649
9431
8621
9389
8549
1012
6106
1053
9189
5626
1708
1066
9856
9726
1818
1692
2959
6033
4295
9784
7069
552
8000
2459
2302
8609
4227
1658
277
3487
2409
2925
2917
1029
8665
1465
8393
4771
2517
7581
396
576
4998
6603
301
6815
4646
3260
2847
8940
9395
6267
5843
3746
8726
4496
2354
2952
6154
2630
6438
4914
1906
9354
5942
571
7170
4334
5341
9686
8266
2088
262
3263
5042
6914
6430
9687
173
9276
4978
5919
5543
821
9664
620
5316
8369
3571
7821
998
6360
2734
9256
2065
5028
9826
9234
5713
1518
5271
331
9957
1884
9945
4998
8798
6374
1036
5322
5650
6013
1241
7544
3185
7256
8163
4853
5625
8085
2673
2974
4444
1759
2229
2860
6786
8406
2093
8850
9923
7363
9180
6231
9247
9125
1228
4396
1850
8615
9717
7499
4628
957
1394
4164
4565
5908
9016
189
3992
8041
9514
4787
9799
8095
3998
2936
6500
6090
8137
2775
9805
7317
9005
5403
2793
6585
9798
4642
5199
9514
8493
6178
6823
6238
342
1387
2146
9357
7927
2489
7397
7440
3628
3547
5534
7625
2834
8386
3715
971
1160
9871
8287
164
5273
7431
6748
1422
8424
1947
935
6916
4476
4109
3154
4817
5495
1651
526
9773
4139
4274
3565
7766
7821
5450
5391
654
3835
5457
1624
4994
1679
6262
5158
3303
44
8257
4724
8468
203
2010
1735
4679
6119
4888
5847
7965
2890
6372
4090
7029
6998
7654
1146
4818
3103
6536
1823
6938
8344
9799
1931
22
2412
3440
3324
2456
1697
4399
7275
8251
6409
9009
9281
8879
249
5128
3195
3138
7851
7284
6518
1200
4937
7664
6017
4392
551
4192
1329
8895
342
9611
5268
9105
3051
4944
7912
1099
9342
5186
5701
2102
547
4982
7332
795
6461
6879
284
663
4162
6802
1863
5451
4465
4231
9842
1367
4774
7522
6613
5115
3484
1881
4220
6534
3176
8483
3984
8869
3669
9685
7323
4215
1018
4654
1361
7478
1532
1644
8140
2046
8445
2
3848
9261
585
41
628
5358
7562
7240
473
1045
5472
1044
3931
8647
5878
4266
7516
9546
3950
1190
112
4967
5843
7824
8796
3727
9468
6936
2124
4264
3289
5971
9877
3873
6011
6856
5583
3572
4095
2407
968
5919
9802
1250
917
5679
5516
4784
1577
5817
5973
8040
784
1816
5864
9579
1894
1683
2866
4017
2298
2507
9987
2174
2731
2349
9029
8313
2272
9476
719
3239
5394
520
4489
6310
2551
6356
1094
4127
2172
3418
2166
9307
5233
4381
8886
3478
6063
8103
7494
8361
6961
3832
6886
9692
2532
5915
8004
4803
1742
5075
4394
7135
1946
5234
9796
4496
1589
7241
4974
3760
659
7140
3067
2243
1520
8304
5721
3935
2758
9566
2295
9719
9750
5532
9410
2281
7798
3765
7084
9539
5191
1477
3025
3489
6710
9173
7984
4650
6413
2958
8409
3423
6449
7827
5666
4320
2482
7738
8254
1592
3655
6900
1310
3404
2432
7071
2037
229
7187
5472
6120
2378
6948
9144
2218
9
8316
201
1010
1081
9510
5770
4503
2310
3597
6520
6630
2430
609
4883
4021
4264
8135
5330
4019
566
8752
6055
7146
5939
1526
9617
4668
4825
8761
6885
1185
3428
3437
2194
860
9299
7964
1715
1608
7912
8234
8237
6693
5195
9472
714
9458
7606
2395
9828
4523
7499
5883
8020
3437
3760
7637
4456
4937
2749
7692
2473
6176
1128
1019
7036
6778
5334
8750
8386
3245
3335
2974
6289
8529
2445
7002
4338
6402
5749
4166
924
3247
6400
5296
3035
6511
2932
7490
1447
5680
5181
272
8207
2660
1290
5242
9438
6623
343
4175
6219
3678
7148
2507
8558
5945
5861
2896
2346
1609
7061
9622
1207
9812
4917
4241
6322
4200
8082
7769
9879
9614
8040
8085
2273
5681
9679
8062
2303
6373
2236
4873
6402
9384
3731
4960
1680
9591
4207
4025
7551
7619
9998
8757
7430
1266
9349
3751
5465
7430
7871
1695
7043
2262
6132
5668
7942
2162
3729
6596
8534
2317
7820
4936
1700
1551
6247
9731
1141
453
3755
5044
4423
105
3800
1852
1370
9501
1954
3187
3282
9825
1233
6677
2086
7364
2344
6380
5877
2424
2975
4411
4740
795
5698
2791
8697
8296
2521
9837
5100
2628
4880
9522
2732
5032
7725
453
4532
9678
3639
7813
9502
1224
4489
7940
4939
3184
4319
816
5608
3645
1578
6699
791
7275
9490
9487
1922
8362
5676
7021
989
6907
2894
72
1938
618
525
2821
6647
515
6986
6149
1738
7826
440
6677
1010
1110
7492
2969
1106
5421
6019
8249
9047
1860
7735
968
222
9762
4340
7562
6669
7233
7634
4958
7850
8158
7779
848
5024
4764
6996
6762
8941
3787
9790
6302
4896
3633
9270
2354
9053
5289
602
8099
7148
4688
9066
3721
4450
3405
1283
7470
6989
8916
2427
1190
3425
205
2037
8448
1320
5385
1561
261
9171
7702
6562
419
1334
2184
2772
6738
3824
3373
4836
7323
4412
253
1044
8861
9
8678
6330
6997
7593
8757
4538
7369
5313
6575
2168
2985
1959
81
3245
7481
7782
6158
4251
9116
4693
3374
5853
8516
3098
7041
5839
7510
3645
3234
6370
3654
1911
9052
7002
5855
4160
1540
9575
5824
8114
1742
8808
6424
8174
8404
256
5956
914
4507
1423
5606
7880
3627
4122
7330
667
6312
4839
664
5897
7560
4317
7807
6611
1318
13
7122
9209
9587
2946
3674
7680
8105
97
5854
6509
6705
8161
7422
1211
9583
3027
5442
9561
3500
2771
6580
6163
3961
7243
2059
1521
1559
6217
4483
9228
6229
7957
8437
2167
902
2110
6199
5358
8559
8404
1866
5263
6564
5639
2825
2498
8666
4618
2058
8517
7389
8637
4680
7701
5879
6738
9221
3789
2955
56
3017
5535
8012
7805
4054
8913
6266
252
4270
4824
5007
2488
6438
1570
8126
9262
419
3143
3880
2476
1660
7620
7465
2691
5320
9695
5780
4541
3484
8734
4596
2852
621
8959
656
4674
4223
3273
4925
8492
8097
9931
7331
4534
7852
1809
148
4622
4951
4027
3449
2962
7998
913
2004
3317
608
7784
4209
443
6517
5156
9646
3489
4114
301
8162
8336
9925
9438
3180
8021
5720
6862
8907
3571
8670
5406
8192
9973
5784
1641
2934
3781
8905
4938
3449
5864
9073
7658
2658
5589
9165
2303
9078
9631
8955
3591
4318
8880
3029
7497
3252
8748
711
2158
8671
9380
7563
3214
9352
3346
1206
8638
3478
111
9927
6927
2326
8999
936
4984
939
6452
7286
6368
6082
2593
9959
400
1472
9339
4248
4723
8086
4958
3233
3108
690
795
6322
41
493
7527
5030
322
3989
4956
7248
2667
306
4535
7650
1245
987
1287
3964
7068
3879
274
3819
1702
9612
8067
6425
7698
9376
9657
7157
65
6803
3478
6458
3647
7357
1487
3969
7697
2795
7568
363
3100
2103
4364
696
3089
2003
1012
6508
2233
1285
327
3935
897
4745
359
4946
4120
15
2102
537
6817
1932
6994
6816
9288
8480
784
6984
7626
8351
3699
726
6805
8062
7773
9893
64
8784
2753
8649
6421
3079
2583
7317
4175
2941
8614
8294
9307
715
5182
2475
2646
2175
9290
8285
7007
73
5269
4632
4776
5319
1709
1580
3380
9482
7825
9796
4617
577
8444
1037
7
1026
4705
533
318
3318
5178
9624
4033