488
902
235
437
176
610
656
643
953
215
826
172
753
927
356
283
524
989
594
763
865
684
587
829
699
855
839
552
218
200
362
58
101
597
846
628
206
502
623
510
716
448
681
820
374
389
102
897
729
47
11
593
730
949
773
780
803
611
332
373
811
693
430
263
641
275
891
846
776
513
707
843
312
388
662
37
128
763
285
856
810
295
448
891
243
221
671
398
183
354
770
993
46
199
608
687
825
850
884
601
714
591
795
25
330
457
413
457
571
49
664
732
343
111
623
937
331
645
686
514
998
455
858
395
5
817
433
830
666
317
782
731
259
576
107
940
384
519
748
955
567
411
686
261
521
660
550
204
304
235
69
653
42
278
48
46
95
480
875
112
148
8
843
406
936
949
697
319
820
444
273
386
854
311
999
727
970
548
930
626
782
350
278
175
627
325
221
73
805
447
185
304
455
379
710
390
679
758
60
498
202
685
236
407
995
234
133
316
781
62
941
914
411
219
89
390
895
661
462
51
107
998
355
913
728
416
654
407
173
714
904
726
398
139
133
392
724
265
707
504
327
1000
770
89
570
210
830
464
870
292
515
328
641
221
241
369
636
894
127
160
607
30
886
4
521
18
747
596
282
806
452
960
805
221
49
374
782
230
189
651
521
55
978
514
275
218
882
910
464
8
70
70
389
955
426
261
324
172
857
605
329
308
565
485
880
965
210
661
194
399
663
67
453
640
580
80
210
813
989
673
172
410
94
560
716
871
173
39
395
29
996
723
688
560
208
567
876
417
227
69
167
241
487
972
880
66
51
441
230
39
465
401
801
911
313
868
781
485
907
175
865
254
898
552
813
457
470
688
225
696
108
392
936
947
363
167
12
413
960
594
803
424
994
955
686
306
823
467
142
81
641
6
334
890
909
498
346
378
537
571
73
996
314
360
942
676
879
306
440
190
899
594
613
892
549
299
550
371
117
43
803
757
49
136
999
957
985
344
335
521
266
759
516
579
471
458
606
701
763
45
890
13
639
854
256
187
504
805
909
620
848
63
729
248
550
727
556
534
70
890
54
688
1
921
266
471
730
872
171
844
268
412
856
906
265
112
444
769
268
704
388
115
766
116
714
667
194
270
200
264
159
605
303
511
878
568
981
607
791
503
451
59
266
306
316
531
417
112
299
685
167
38
151
285
506
217
951
699
486
503
962
996
107
264
507
984
184
839
591
326
694
393
736
959
698
404
489
467
515
139
503
33
177
5
317
682
221
268
380
706
770
694
54
228
309
912
564
844
750
154
170
795
898
905
754
947
308
594
413
174
733
267
207
261
272
875
942
844
142
673
550
263
366
955
843
27
866
406
870
615
559
391
762
808
296
515
754
955
460
519
481
544
785
687
804
408
561
97
252
55
770
153
669
487
107
511
865
972
916
735
938
826
125
51
633
772
565
387
79
377
257
559
920
41
245
724
801
157
172
52
563
293
204
232
780
662
742
996
985
658
730
274
483
207
325
468
330
241
206
408
617
462
966
537
854
562
612
654
71
783
705
633
428
260
864
207
921
958
554
905
967
284
179
801
842
503
268
523
95
473
931
712
286
248
600
140
162
211
793
232
345
850
216
772
109
432
330
30
389
884
286
355
519
816
155
712
670
775
234
765
599
516
476
885
116
427
24
277
637
168
860
333
17
427
457
126
858
138
507
598
373
144
952
243
960
459
954
981
585
540
745
183
55
572
67
522
998
90
150
986
610
9
671
626
788
479
103
645
616
961
243
341
105
546
583
416
356
889
396
940
428
493
123
834
416
189
356
414
631
505
399
592
866
421
217
653
899
672
649
867
632
891
207
88
789
789
855
496
677
603
436
456
447
910
290
862
450
997
275
80
501
26
23
718
798
240
722
697
263
371
563
246
613
769
334
401
909
540
249
586
494
684
41
940
945
682
802
394
678
428
826
531
805
848
600
603
439
322
299
701
692
861
947
304
981
632
57
889
171
657
826
17
340
219
956
636
900
109
29
930
537
854
812
341
702
411
943
140
732
593
193
775
805
139
431
785
770
839
26
292
495
851
308
186
69
616
821
321
724
849
250
260
55
413
953
108
823
247
247
907
840
791
681
644
929
463
781
50
301
158
342
795
8
1
332
429
616
152
749
340
1
350
951
407
762
903
514
936
150
112
842
341
903
875
336
831
337
116
233
990
273
926
136
633
926
468
61
894
619
161
233
971
862
183
377
975
438
890
262
587
354
456
279
256
330
614
438
18
730
670
359
354
595
495
338
873
962
750
766
932