1488
1902
235
437
1176
610
656
643
1953
1215
826
1172
753
927
356
283
1524
1989
1594
763
1865
1684
1587
829
699
855
1839
1552
1218
200
1362
1058
101
1597
1846
1628
206
502
623
510
1716
1448
1681
820
374
389
1102
1897
729
1047
1011
593
730
949
1773
1780
1803
1611
1332
1373
1811
693
430
263
641
275
1891
846
776
513
1707
843
312
1388
1662
1037
128
763
1285
856
1810
295
1448
891
1243
1221
671
1398
1183
354
770
993
1046
1199
1608
1687
1825
1850
884
601
714
591
1795
1025
330
1457
413
457
571
49
1664
732
343
1111
1623
1937
331
645
1686
1514
998
455
858
395
5
817
433
1830
666
1317
782
1731
259
576
1107
940
384
1519
1748
955
1567
1411
1686
261
521
1660
550
1204
304
235
1069
1653
1042
278
48
1046
1095
480
875
112
148
8
1843
406
936
949
1697
1319
820
1444
273
386
854
311
999
1727
1970
1548
930
626
1782
350
278
1175
627
325
221
73
805
1447
185
1304
1455
379
1710
390
1679
1758
60
498
1202
685
1236
407
995
234
133
1316
1781
1062
1941
1914
1411
219
1089
390
895
1661
462
51
1107
998
1355
913
1728
1416
1654
1407
1173
1714
1904
726
398
1139
1133
1392
1724
1265
707
1504
327
1000
1770
89
1570
1210
830
464
870
1292
515
328
641
221
1241
369
1636
894
127
1160
607
30
1886
1004
1521
1018
747
1596
282
1806
1452
960
805
1221
1049
374
782
230
1189
1651
1521
55
1978
514
275
1218
882
1910
464
1008
1070
1070
1389
955
426
1261
324
1172
857
605
1329
308
1565
485
1880
965
1210
661
1194
399
663
1067
453
640
1580
1080
210
813
989
673
172
410
94
1560
1716
871
1173
39
395
29
996
1723
688
560
208
567
1876
1417
1227
1069
167
241
487
972
880
66
51
1441
1230
1039
465
1401
1801
911
1313
1868
1781
485
1907
175
865
1254
1898
1552
1813
457
470
1688
225
1696
1108
392
1936
1947
1363
1167
12
1413
960
1594
803
1424
994
955
686
306
823
467
1142
1081
641
6
334
890
1909
498
1346
378
537
1571
73
1996
314
360
1942
1676
1879
306
1440
1190
1899
594
613
892
1549
1299
1550
371
117
1043
1803
757
1049
136
1999
957
985
1344
1335
1521
1266
1759
1516
1579
471
1458
1606
701
1763
1045
1890
13
1639
854
1256
1187
504
805
1909
620
1848
63
1729
1248
550
1727
556
1534
1070
1890
1054
688
1
921
266
471
730
1872
1171
844
1268
1412
856
906
265
112
444
769
1268
704
1388
1115
766
1116
714
1667
1194
1270
1200
264
1159
605
1303
1511
1878
1568
1981
607
1791
1503
1451
1059
1266
306
316
1531
417
1112
299
1685
167
38
1151
1285
1506
217
951
699
1486
503
962
996
1107
264
507
984
184
839
1591
326
694
1393
1736
1959
1698
404
1489
467
1515
139
503
33
177
5
1317
1682
221
268
380
1706
770
1694
1054
228
309
1912
1564
844
750
1154
1170
1795
898
905
1754
947
1308
1594
1413
1174
1733
267
1207
261
272
875
1942
844
1142
673
550
263
366
1955
843
1027
1866
406
1870
615
1559
1391
762
808
296
515
1754
1955
460
1519
1481
544
1785
687
804
408
1561
1097
1252
1055
1770
153
1669
487
107
511
1865
1972
916
1735
938
826
1125
51
1633
1772
565
1387
79
1377
1257
1559
1920
1041
245
724
1801
157
172
1052
1563
293
1204
1232
780
1662
1742
996
1985
658
730
1274
1483
207
1325
1468
330
241
1206
408
1617
462
1966
1537
1854
562
612
1654
1071
783
705
633
1428
260
1864
207
1921
1958
1554
1905
967
284
1179
801
842
503
268
1523
1095
1473
1931
712
286
248
600
140
1162
1211
1793
232
345
850
1216
1772
1109
1432
330
1030
1389
1884
1286
355
519
816
1155
1712
1670
1775
1234
765
1599
1516
1476
1885
116
427
24
1277
1637
168
1860
333
1017
1427
457
126
858
1138
1507
598
1373
1144
952
243
1960
459
1954
1981
585
1540
745
183
1055
572
67
1522
998
90
1150
986
610
1009
1671
1626
788
479
103
1645
1616
1961
243
1341
1105
1546
1583
1416
356
1889
1396
940
1428
493
1123
834
1416
1189
356
414
1631
1505
1399
592
866
1421
217
1653
1899
672
1649
1867
632
1891
1207
88
1789
789
1855
496
677
1603
1436
456
447
910
1290
1862
450
1997
275
80
1501
26
1023
718
1798
1240
722
1697
263
371
1563
1246
613
769
1334
401
1909
1540
1249
586
1494
684
1041
1940
1945
682
1802
394
678
428
826
531
805
1848
1600
603
1439
322
299
1701
692
1861
947
1304
981
632
57
889
171
1657
1826
17
340
1219
1956
636
1900
109
1029
930
537
1854
1812
1341
1702
1411
1943
1140
1732
593
1193
775
805
139
431
1785
770
839
1026
1292
495
851
1308
1186
69
1616
1821
321
1724
849
1250
260
1055
1413
1953
1108
823
247
247
907
840
1791
1681
1644
1929
463
1781
1050
1301
1158
342
1795
8
1
1332
429
1616
1152
749
1340
1
350
1951
1407
1762
1903
514
936
150
1112
1842
1341
903
1875
1336
831
337
1116
233
1990
273
926
136
633
926
1468
1061
894
619
161
233
971
862
183
377
975
438
890
262
587
354
456
279
1256
330
1614
438
1018
730
670
1359
1354
1595
1495
338
873
962
1750
1766
1932
1910
350
903
1123
884
1631
449
1321
873
711
259
1226
1166
537
833
1495
151
1270
864
1232
292
223
937
238
69
1275
1110
1030
1024
1227
961
1286
1576
215
760
812
1846
1209
132
1070
1919
743
295
1084
1631
1127
930
133
748
145
1364
1039
367
653
1629
787
1927
738
1816
1302
317
1129
939
1892
1343
1699
1055
1540
907
1187
609
825
281
1255
260
1911
733
1189
44
1481
1685
1759
871
404
411
499
1190
689
1589
1006
343
1905
486
1281
148
180
979
1203
1720
1885
741
680
1061
1021
1935
1320
1283
667
860
1326
499
545
1437
1370
948
199
1868
137
888
1808
1494
1582
1712
1979
862
1860
159
1841
1414
230
77
154
909
1490
1526
1195
1161
808
214
21
134
1064
917
1922
433
216
120
653
704
1007
460
198
940
524
528
1802
735
1038
1994
148
1267
422
301
528
1911
1826
74
1072
985
639
1444
1118
1703
712
1039
135
927
1159
1139
1630
517
1951
179
1457
474
1059
1610
1208
96
1603
1707
1715
24
359
594
287
536
667
1358
1520
1306
1153
638
1360
1864
28
1846
790
1538
985
771
407
935
1302
215
1760
360
1824
1319
807
1778
1025
873
153
1383
1818
439
1918
837
148
1437
494
1300
426
1853
1163
454
1698
304
343
682
1075
749
1968
728
1315
79
1439
1138
1397
245
1267
421
1470
1420
155
1287
1858
72
123
6
1509
616
1657
286
468
820
739
518
1123
1434
1199
549
534
1519
1276
1849
1949
714
1338
1346
1311
605
118
780
24
273
418
233
696
893
590
204
1508
247
842
328
1418
1580
845
892
1365
395
1441
1899
265
716
1747
214
1782
1084
1911
1092
1688
28
223
63
652
640
648
1348
1532
1589
1903
1392
1835
744
71
1604
676
915
496
40
1661
1936
1938
1926
1003
36
491
784
1472
401
227
1159
780
449
1574
1432
1441
573
1131
1324
161
1033
715
348
1777
1137
1951
804
51
446
843
64
733
1133
1989
1736
1520
831
519
991
1231
1098
502
10
1546
75
1793
986
999
923
662
1159
1956
1376
1506
84
865
1457
1239
1267
254
81
1330
987
1565
1670
722
1085
500
1592
75
1730
689
928
92
587
1354
1884
1924
352
807
585
1511
1114
313
1016
1549
1177
824
787
443
1078
1219
1773
416
1136
1442
1489
220
1942
1080
646
23
121
1574
466
707
927
350
630
1631
1508
1567
1141
973
1879
508
521
1055
1332
1659
1497
761
877
1269
1176
364
1063
664
583
1356
95
1581
1730
567
1506
196
1625
784
545
607
414
404
173
1906
1376
51
414
248
1105
97
258
601
857
1486
222
384
1850
1636
1399
784
1343
1493
364
1072
412
221
1267
36
1357
163
642
1770
566
814
1676
293
1216
441
892
320
537
1149
1273
1393
635
1846
128
836
1481
1526
1619
823
1370
335
246
1781
555
1513
169
1911
27
810
33
593
1976
60
1237
1543
500
481
1863
1036
1981
1487
780
967
1684
907
1802
1516
784
1421
690
153
1755
935
286
661
447
454
572
826
1615
956
1770
1942
1015
1006
1485
1514
1838
1699
901
1819
1537
1680
785
1220
938
587
735
1721
359
1424
225
113
358
862
773
1157
1667
1696
1982
1282
651
1751
1575
1665
1108
1411
1530
946
1461
430
1116
1349
461
1900
568
1398
838
1654
1470
1196
1077
47
1308
1787
908
433
1295
575
480
1628
208
1131
1730
134
1147
837
1545
1029
134
1357
1810
1249
706
271
1501
1625
20
338
1279
1842
1886
707
1888
1545
493
795
1977
139
1721
457
1766
1928
1939
1495
62
1437
684
1958
817
1169
1314
627
770
19
1249
270
1996
1268
959
1274
1109
844
1980
996
389
473
143
717
611
1863
1525
729
143
1815
223
204
1604
906
161
420
75
1826
1046
844
197
294
1465
192
1914
423
1465
1374
1619
1444
722
359
268
864
1075
1231
1078
600
311
1220
766
533
1423
369
1791
1935
789
217
1761
186
1412
309
832
876
500
745
1650
1964
118
1620
1759
839
1978
379
54
1053
1961
1132
4
271
351
769
803
126
1138
945
60
1926
1161
172
463
924
480
1294
1799
979
38
1801
1294
508
1420
1405
1698
1750
1783
104
802
1743
1235
1157
365
1937
277
1519
62
1414
464
474
1691
1976
997
154
900
1829
1799
1050
807
189
1202
453
696
974
1857
745
723
1991
848
1876
85
434
1384
449
371
1660
1967
784
1074
782
1609
1116
758
606
1621
9
434
1420
1058
1592
1608
612
396
655
1585
604
1399
307
946
599
534
1030
1384
1917
1830
1754
1576
149
890
1001
1282
850
117
391
1455
89
399
240
1508
1809
184
1467
420
931
121
4
1535
1872
662
480
822
1195
1862
205
1463
43
311
1038
191
1552
39
1825
401
507
215
208
947
614
799
455
422
982
273
841
1913
746
1196
1799
969
209
278
1790
1755
491
346
1217
534
656
254
1076
207
644
900
960
1502
1115
1167
449
1728
1965
1255
501
1299
1527
1693
1563
624
1240
1361
1592
1448
1990
1381
1202
481
1727
418
1366
734
1023
441
941
19
1693
252
1520
807
1418
320
886
1734
1574
1386
1384
1453
1078
946
76
669
658
1668
116
1000
1400
1317
1832
1478
86
1197
212
1108
1989
1504
1478
1681
1755
998
487
1524
1669
1724
1257
1243
1109
993
1047
538
1938
1474
1206
948
1493
1673
1947
893
989
130
722
1426
1326