488
2902
2235
437
176
1610
2656
1643
1953
1215
826
2172
2753
927
356
283
524
2989
594
2763
1865
684
2587
1829
1699
2855
1839
2552
218
2200
2362
1058
2101
1597
1846
2628
206
1502
1623
2510
2716
2448
1681
2820
374
2389
102
897
2729
1047
1011
1593
1730
949
773
780
803
2611
332
1373
1811
2693
2430
1263
1641
1275
891
1846
2776
2513
1707
2843
2312
388
2662
37
128
2763
1285
2856
810
2295
1448
2891
243
2221
671
1398
2183
1354
2770
993
1046
2199
2608
2687
825
850
1884
601
714
591
795
25
1330
457
413
1457
571
2049
1664
1732
1343
111
1623
1937
2331
2645
686
1514
998
455
2858
2395
5
2817
2433
830
666
1317
1782
1731
2259
2576
2107
940
384
2519
2748
955
1567
1411
2686
261
1521
1660
2550
1204
1304
235
69
2653
1042
278
2048
1046
95
1480
1875
1112
148
1008
2843
2406
936
1949
697
1319
1820
444
2273
386
1854
2311
999
727
970
548
1930
2626
782
2350
2278
2175
2627
1325
221
73
2805
2447
1185
304
455
1379
2710
1390
679
758
60
2498
1202
2685
236
407
1995
1234
1133
316
1781
62
2941
2914
2411
2219
2089
2390
895
2661
2462
1051
2107
998
1355
2913
2728
1416
1654
407
2173
1714
2904
726
1398
139
1133
392
1724
2265
707
504
2327
1000
770
2089
570
210
1830
1464
2870
1292
2515
2328
2641
1221
2241
2369
2636
894
127
2160
2607
30
2886
1004
521
1018
1747
2596
282
2806
452
2960
805
1221
2049
1374
1782
1230
189
1651
2521
55
978
2514
1275
218
1882
910
1464
2008
70
1070
2389
2955
2426
261
1324
1172
2857
1605
1329
308
1565
2485
1880
965
1210
661
2194
1399
2663
2067
1453
640
1580
80
1210
813
989
2673
172
1410
1094
2560
1716
871
173
39
2395
29
1996
723
688
560
208
2567
1876
1417
227
1069
167
241
487
1972
880
2066
2051
2441
230
39
2465
401
1801
911
313
868
1781
485
907
1175
865
254
1898
1552
813
2457
1470
2688
1225
1696
1108
1392
1936
1947
363
167
1012
2413
2960
1594
2803
2424
1994
1955
686
2306
2823
2467
142
1081
641
1006
1334
2890
2909
2498
2346
1378
2537
571
73
996
2314
2360
2942
2676
2879
1306
2440
190
2899
2594
2613
1892
1549
299
1550
1371
117
2043
2803
757
49
1136
999
2957
985
344
1335
521
1266
1759
1516
579
1471
1458
606
1701
2763
45
1890
13
2639
1854
2256
1187
2504
805
2909
2620
2848
63
729
248
1550
1727
556
2534
2070
1890
54
688
1001
1921
1266
2471
730
1872
1171
844
2268
412
856
1906
2265
112
444
1769
1268
704
1388
1115
766
2116
1714
2667
1194
2270
2200
264
1159
2605
1303
2511
1878
2568
1981
2607
1791
503
451
1059
1266
1306
316
531
1417
1112
2299
2685
2167
1038
1151
285
506
217
2951
1699
2486
2503
1962
996
2107
264
507
984
184
2839
591
2326
694
1393
736
1959
2698
1404
2489
1467
2515
2139
1503
2033
177
5
2317
682
221
2268
2380
2706
1770
1694
1054
1228
2309
1912
2564
2844
1750
154
2170
2795
1898
2905
1754
1947
1308
1594
413
1174
733
2267
207
1261
2272
2875
1942
2844
2142
1673
2550
1263
366
955
2843
27
2866
2406
2870
1615
2559
2391
1762
1808
2296
515
754
955
2460
1519
2481
544
785
2687
1804
408
2561
1097
252
2055
2770
153
669
487
1107
511
865
972
2916
735
2938
2826
125
2051
1633
2772
2565
2387
1079
2377
1257
559
2920
2041
245
1724
2801
157
172
52
2563
293
204
232
780
1662
742
1996
2985
658
2730
274
483
207
2325
2468
330
2241
2206
1408
1617
462
1966
1537
2854
2562
612
2654
71
783
2705
2633
1428
260
2864
2207
1921
958
1554
1905
1967
1284
2179
2801
1842
1503
2268
2523
1095
1473
931
2712
2286
248
1600
2140
162
2211
1793
232
345
1850
216
1772
2109
432
1330
1030
1389
2884
286
355
1519
2816
155
712
1670
2775
234
2765
1599
1516
2476
885
2116
1427
24
2277
637
2168
2860
1333
1017
427
457
126
858
2138
1507
2598
2373
2144
2952
1243
1960
459
1954
981
585
2540
745
2183
1055
572
67
522
1998
90
150
2986
2610
9
1671
626
788
2479
1103
1645
1616
2961
1243
1341
2105
1546
2583
1416
2356
1889
2396
2940
1428
493
2123
2834
1416
2189
356
414
2631
505
399
2592
866
2421
217
1653
1899
1672
649
867
1632
1891
2207
1088
789
1789
2855
496
677
2603
436
2456
447
2910
2290
1862
2450
2997
2275
2080
501
26
2023
1718
2798
2240
722
1697
1263
1371
2563
246
613
1769
1334
1401
909
1540
2249
1586
1494
2684
1041
1940
2945
682
802
2394
678
428
1826
1531
805
848
600
603
439
1322
2299
1701
2692
1861
1947
304
981
632
2057
1889
2171
1657
826
1017
1340
2219
2956
1636
2900
1109
1029
930
1537
2854
2812
2341
702
411
2943
1140
1732
2593
193
1775
1805
2139
2431
2785
2770
1839
2026
2292
495
2851
308
2186
2069
616
821
2321
1724
1849
250
260
2055
413
2953
108
823
247
1247
2907
2840
1791
1681
1644
929
1463
1781
1050
301
1158
342
795
1008
1001
332
429
1616
1152
2749
340
1
350
951
2407
762
903
2514
1936
1150
1112
1842
1341
2903
875
336
831
2337
2116
2233
2990
273
2926
1136
1633
926
1468
2061
2894
2619
2161
233
2971
2862
1183
2377
975
2438
1890
262
587
354
2456
2279
256
330
2614
1438
18
1730
670
359
2354
595
1495
1338
1873
2962
750
1766
2932
2910
2350
2903
123
884
2631
1449
321
1873
1711
1259
2226
1166
537
2833
1495
151
1270
1864
2232
2292
2223
1937
238
1069
275
2110
1030
1024
1227
961
1286
576
1215
1760
1812
846
209
2132
70
1919
743
2295
84
1631
2127
1930
2133
748
1145
1364
39
367
653
629
1787
927
2738
2816
2302
1317
1129
939
1892
2343
2699
1055
540
2907
187
609
1825
1281
255
2260
2911
2733
1189
2044
481
2685
759
871
404
1411
1499
2190
2689
1589
2006
2343
2905
486
281
2148
180
2979
203
720
2885
741
1680
2061
2021
1935
1320
2283
1667
2860
1326
2499
2545
2437
370
2948
1199
1868
2137
888
808
1494
582
712
1979
862
2860
2159
841
414
230
1077
1154
1909
490
526
1195
2161
2808
214
2021
1134
64
1917
922
433
2216
2120
2653
1704
7
460
198
940
1524
2528
1802
1735
2038
2994
2148
2267
1422
301
1528
1911
826
74
1072
985
639
444
2118
703
2712
39
1135
1927
2159
1139
630
2517
1951
1179
457
474
1059
2610
2208
96
2603
1707
2715
1024
2359
1594
287
536
1667
1358
1520
2306
2153
638
360
1864
1028
1846
790
538
2985
1771
407
1935
302
1215
2760
1360
824
2319
1807
778
1025
1873
2153
383
818
2439
918
2837
1148
2437
2494
300
426
2853
2163
1454
1698
304
2343
1682
2075
2749
968
2728
1315
1079
1439
2138
397
245
267
1421
2470
2420
2155
287
1858
72
123
6
2509
2616
657
286
2468
2820
1739
1518
123
1434
199
2549
1534
1519
2276
2849
2949
714
2338
346
1311
2605
2118
780
2024
1273
1418
1233
1696
1893
1590
1204
1508
2247
1842
1328
2418
580
2845
2892
2365
395
2441
899
2265
1716
747
2214
2782
84
2911
1092
2688
2028
2223
2063
652
640
648
2348
2532
2589
903
1392
1835
2744
71
1604
676
2915
1496
40
661
936
938
2926
3
2036
2491
2784
2472
2401
1227
2159
1780
449
1574
2432
1441
2573
2131
1324
2161
33
2715
1348
2777
137
2951
804
51
1446
843
1064
2733
2133
989
2736
1520
831
2519
991
231
1098
502
2010
1546
2075
1793
2986
1999
923
1662
1159
956
1376
2506
1084
1865
2457
2239
2267
1254
81
330
987
2565
1670
722
1085
2500
592
2075
2730
1689
2928
2092
587
2354
884
924
1352
1807
2585
2511
114
1313
2016
1549
177
1824
787
2443
78
1219
2773
1416
1136
1442
2489
2220
942
80
1646
1023
2121
1574
466
2707
927
1350
630
2631
508
567
2141
973
1879
1508
2521
2055
332
659
1497
761
1877
1269
2176
364
63
1664
2583
1356
2095
1581
2730
1567
506
196
1625
1784
1545
2607
1414
2404
173
906
376
2051
2414
248
1105
97
1258
2601
857
486
1222
384
850
1636
2399
784
343
1493
2364
72
412
221
267
2036
2357
2163
1642
770
1566
1814
1676
2293
1216
1441
2892
2320
1537
1149
2273
2393
1635
846
128
2836
2481
2526
619
2823
1370
335
246
1781
555
513
1169
2911
27
2810
1033
1593
1976
60
1237
543
1500
1481
2863
36
2981
2487
2780
1967
684
2907
1802
516
2784
2421
690
1153
2755
935
286
661
1447
1454
572
1826
1615
1956
770
942
2015
2006
1485
514
838
1699
901
819
1537
680
2785
2220
938
1587
2735
721
1359
424
2225
1113
1358
2862
1773
157
1667
2696
1982
282
1651
2751
1575
665
2108
411
1530
2946
2461
2430
1116
1349
461
900
568
1398
2838
654
2470
1196
1077
2047
2308
2787
1908
1433
295
575
1480
2628
1208
131
2730
134
1147
1837
545
29
2134
357
2810
249
1706
271
1501
2625
2020
1338
279
1842
2886
1707
888
2545
1493
2795
977
2139
721
2457
1766
1928
2939
1495
2062
1437
684
2958
1817
169
314
1627
770
2019
2249
2270
1996
1268
959
2274
109
844
980
996
389
2473
1143
1717
1611
1863
1525
729
1143
1815
2223
204
604
2906
161
2420
75
826
1046
844
197
294
465
2192
1914
1423
1465
2374
2619
2444
722
359
2268
1864
2075
1231
1078
600
2311
2220
2766
1533
2423
369
1791
2935
2789
2217
761
1186
412
1309
1832
876
500
745
2650
1964
118
2620
1759
839
2978
1379
54
2053
2961
1132
4
2271
351
2769
803
126
138
2945
60
2926
2161
1172
1463
2924
2480
294
799
2979
1038
801
2294
1508
420
1405
2698
750
2783
104
2802
2743
1235
157
2365
1937
277
519
2062
414
464
2474
691
2976
997
2154
2900
829
2799
1050
807
1189
2202
453
2696
2974
1857
2745
723
1991
2848
876
2085
1434
1384
1449
371
1660
1967
2784
2074
2782
2609
116
2758
606
2621
9
1434
2420
1058
2592
608
612
396
655
585
2604
399
1307
1946
599
2534
1030
2384
917
2830
2754
2576
2149
2890
2001
2282
2850
2117
2391
455
2089
2399
2240
1508
809
2184
2467
1420
2931
121
2004
2535
872
662
1480
1822
195
2862
1205
1463
43
1311
1038
2191
1552
39
1825
1401
2507
1215
2208
1947
614
1799
455
1422
982
273
2841
913
746
2196
799
1969
209
2278
790
755
2491
2346
2217
2534
656
254
2076
2207
644
900
960
502
2115
167
2449
2728
1965
255
1501
299
527
1693
1563
1624
1240
2361
592
1448
1990
1381
2202
1481
727
1418
1366
1734
2023
441
941
19
1693
2252
520
807
2418
320
886
1734
574
2386
2384
1453
1078
946
76
2669
658
668
1116
3000
2400
317
1832
478
2086
197
2212
1108
989
504
1478
2681
2755
1998
487
2524
2669
1724
1257
243
1109
993
2047
2538
1938
2474
2206
2948
493
673
2947
2893
989
2130
722
426
2326
2933
1886
666
788
363
347
542
2360
1185
417
2381
2909
1674
2623
1369
18
2021
907
2307
1494
464
2254
1987
1137
2552
2231
2477
1681
2952
2903
1358
237
1788
2024
1024
2150
2370
1566
1862
906
1982
1242
814
1007
1216
2183
1024
588
441
331
2081
1256
2936
1419
2392
2488
649
1869
1520
953
2123
2878
1189
910
1901
2212
411
1622
777
2272
2527
111
865
693
1469
2432
2875
2845
19
667
175
2100
1922
462
870
1314
301
1519
534
1821
2471
2656
2050
1011
917
950
222
1327
2571
1351
951
2449
1461
1815
141
2929
1599
367
125
1617
1033
299
1068
2955
1113
1938
1620
1413
456
2505
585
278
2512
2634
1288
428
935
1509
2106
857
211
56
306
1671
2223
446
1952
821
813
2076
2789
2197
2727
857
2503
1191
2794
1122
2603
601
978
540
1230
489
525
2517
1268
1460
1377
374
2316
1588
781
2621
610
355
419
2913
1527
1583
2341
1316
779
2419
2172
634
609
2317
1755
563
2917
85
1102
1146
573
1627
1014
2193
438
2742
2566
2753
1681
698
2726
2643
1053
496
2555
2579
2078
1895
1246
208
1665
769
841
2273
85
2948
2836
353
32
1289
1850
956
267
2863
148
704
2957
65
809
1637
763
534
1279
2167
1029
1186
1745
458
432
2991
1017
2097
1111
1858
1369
1196
2157
1556
1548
2540
2845
750
847
463
612
1347
1167
920
1411
2327
2557
2525
2860
1187
1691
1240
2372
788
2049
2804
1130
65
1900
2240
2274
620
435
1782
2176
2335
1321
2372
84
2168
2834
1047
514
1352
1967
2276
678
1875
1801
889
413
491
2480
2785
1278
1528
2940
2759
1945
2191
1999
1218
2810
2785
352
1985
2119
1672
1708
2554
1191
1894
953
2056
245
2919
1332
1275
2145
132
2515
2557
974
1995
2693
2604
874
2984
2362
2818
2174
1360
1388
1984
1145
1739
1320
615
410
380
521
1953
2273
1473
1008
2517
1391
2339
1143
887
2822
658
795
796
2652
840
751
877
823
464
695
2997
2176
2082
2332
672
1172
1003
1286
1933
1382
1806
885
1006
278
1893
875
2020
1583
2017
258
1405
26
1053
2552
29
1892
654
906
66
1117
1600
62
292
1033
2745
963
2204
1100
2601
1136
2833
1406
2373
839
2036
1617
1713
1407
199
1081
2017
1603
1107
421
1506
1135
2664
2159
2040
2729
276
991
143
919
2023
2887
1882
1578
1338
1482
66
1171
239
2438
2009
2626
1054
1073
1385
1252
2153
753
207
259
1173
2064
1746
836
1223
785
564
1850
1776
1058
120
1150
1297
2001
2728
2634
834
2793
1156
1425
2582
164
1402
987
1588
2786
2238
741
890
2796
1351
2062
2212
96
249
434
1233
1165
2635
360
2222
106
1509
518
2107
1588
504
292
1732
1659
2068
1313
2175
470
2299
762
607
1889
1854
1497
2036
557
558
1247
1004
807
2032
2236
2323
2018
2595
1544
2124
1456
2414
1582
43
2917
1873
1775
1575
941
439
749
1762
90
1863
2368
2330
1068
864
1365
1624
1774
2964
2628
2932
1995
2215
2254
1365
2162
1149
488
617
562
2069
1011
478
1293
137
2405
2585
576
153
1346
1017
2367
1066
346
435
2281
2062
2058
1406
2025
2037
1337
1372
1252
942
2736
765
2091
575
1381
2652
2643
2743
482
1287
2880
2886
1224
807
390
2921
1823
2757
986
2520
543
267
1581
2600
1672
606
1989
361
2329
592
1654
2064
1356
744
2638
88
748
2632
2830
1581
1270
61
1466
2493
1219
2207
2414
393
2315
751
2912
2857
1369
1493
2809
393
2450
1797
753
2130
2388
2406
1193
743
502
1182
1182
1249
1165
1011
181
2434
1424
1646
2279
2642
1204
2044
35
519
2794
298
375
1515
2142
183
1907
1591
1979
2659
1072
1718
2416
2264
2812
2917
797
993
1517
1961
2004
1697
1747
779
694
1025
420
2250
420
806
2768
213
1104
142
2079
245
677
985
2188
7
643
259
1725
411
2875
1536
679
671
2529
2196
2984
1884
1244
1730
14
2290
106
433
1539
525
1591
1306
1089
2694
1799
168
2938
2827
1504
2125
2834
2147
2736
1910
2909
2610
797
587
632
677
134
615
2560
1730
2696
2573
1019
153
358
2909
677
1948
1214
2118
1993
364
2637
1930
191
1140
1407
376
638
1494
2285
546
1103
433
1485
2086
1110
1618
2701
669
347
2748
594
1717
2901
1303
1625
929
602
190
398
2594
906
34
1875
1448
1526
633
1823
2515
2126
1459
61
580
1891
1897
2666
3000
866
2718
1021
1565
2817
1966
281
2717
620
2258
998
1221
2799
1395
814
704
1781
40
2151
306
673
1325
2820
150
135
232
1082
2378
2480
747
2729
346
816
1101
1910
632
66
2542
701
685
2151
1698
2257
1950
444
422
2653
2224
462
2156
2529
1486
480
2701
1635
615
284
2716
344
2764
814
72
109
1981
1173
2370
2965
1238
2263
665
2275
1414
2714
1531
363
157
1953
15
2381
2766
2522
2261
1251
2
1961
237
968
2597
2953
1663
2360
1118
1734
2820
99
2906
2541
63
1496
1803
727
1122
216
440
4
930
948
2308
1297
328
2073
818
2589
323
1171
1901
560
2490
1849
864
1152
1208
1981
2886
1379
2079
2791
919
2493
1638
74
571
2759
289
1362
2763
1571
2310
2070
2867
2637
1495
684
2577
1817
1855
1830
2728
1344
678
943
2848
2238
2924
2733
616
2354
2875
1887
1847
1513
1960
2417
1623
2600
779
1737
1170
440
807
1388
428
2301
2072
5
1469
1278
2186
1549
2973
2863
2491
2820
2452
2766
2552
420
2472
2427
2306
1318
1291
1617
1086
2913
1568
2216
1650
90
2655
2808
1477
83
2460