488
402
235
437
176
110
156
143
453
215
326
172
253
427
356
283
24
489
94
263
365
184
87
329
199
355
339
52
218
200
362
58
101
97
346
128
206
2
123
10
216
448
181
320
374
389
102
397
229
47
11
93
230
449
273
280
303
111
332
373
311
193
430
263
141
275
391
346
276
13
207
343
312
388
162
37
128
263
285
356
310
295
448
391
243
221
171
398
183
354
270
493
46
199
108
187
325
350
384
101
214
91
295
25
330
457
413
457
71
49
164
232
343
111
123
437
331
145
186
14
498
455
358
395
5
317
433
330
166
317
282
231
259
76
107
440
384
19
248
455
67
411
186
261
21
160
50
204
304
235
69
153
42
278
48
46
95
480
375
112
148
8
343
406
436
449
197
319
320
444
273
386
354
311
499
227
470
48
430
126
282
350
278
175
127
325
221
73
305
447
185
304
455
379
210
390
179
258
60
498
202
185
236
407
495
234
133
316
281
62
441
414
411
219
89
390
395
161
462
51
107
498
355
413
228
416
154
407
173
214
404
226
398
139
133
392
224
265
207
4
327
500
270
89
70
210
330
464
370
292
15
328
141
221
241
369
136
394
127
160
107
30
386
4
21
18
247
96
282
306
452
460
305
221
49
374
282
230
189
151
21
55
478
14
275
218
382
410
464
8
70
70
389
455
426
261
324
172
357
105
329
308
65
485
380
465
210
161
194
399
163
67
453
140
80
80
210
313
489
173
172
410
94
60
216
371
173
39
395
29
496
223
188
60
208
67
376
417
227
69
167
241
487
472
380
66
51
441
230
39
465
401
301
411
313
368
281
485
407
175
365
254
398
52
313
457
470
188
225
196
108
392
436
447
363
167
12
413
460
94
303
424
494
455
186
306
323
467
142
81
141
6
334
390
409
498
346
378
37
71
73
496
314
360
442
176
379
306
440
190
399
94
113
392
49
299
50
371
117
43
303
257
49
136
499
457
485
344
335
21
266
259
16
79
471
458
106
201
263
45
390
13
139
354
256
187
4
305
409
120
348
63
229
248
50
227
56
34
70
390
54
188
1
421
266
471
230
372
171
344
268
412
356
406
265
112
444
269
268
204
388
115
266
116
214
167
194
270
200
264
159
105
303
11
378
68
481
107
291
3