1488
902
4235
2437
3176
1610
2656
643
3953
215
2826
172
1753
4927
356
1283
524
989
2594
763
865
3684
1587
829
2699
855
839
1552
3218
200
2362
1058
1101
1597
4846
628
3206
2502
2623
3510
2716
448
3681
820
374
389
2102
897
2729
1047
3011
3593
4730
949
773
3780
1803
1611
332
1373
1811
2693
2430
4263
641
2275
4891
3846
4776
2513
3707
3843
4312
2388
4662
1037
4128
1763
3285
1856
2810
1295
448
3891
2243
1221
2671
398
4183
4354
1770
993
2046
4199
1608
2687
2825
2850
2884
2601
1714
1591
2795
1025
330
2457
3413
4457
571
3049
2664
4732
4343
3111
3623
2937
4331
2645
4686
3514
1998
1455
858
395
2005
3817
4433
4830
1666
2317
3782
4731
259
1576
2107
1940
384
519
2748
955
3567
411
686
4261
3521
660
3550
4204
3304
3235
4069
1653
1042
1278
2048
3046
95
1480
2875
3112
148
3008
2843
406
936
4949
3697
1319
1820
1444
2273
386
1854
4311
999
1727
4970
4548
930
4626
2782
1350
1278
175
2627
3325
3221
4073
4805
2447
2185
1304
455
1379
1710
1390
2679
1758
4060
4498
3202
2685
1236
1407
1995
2234
3133
3316
1781
4062
2941
914
411
4219
1089
4390
3895
661
3462
51
3107
1998
1355
4913
4728
4416
2654
2407
1173
1714
1904
726
4398
3139
2133
1392
1724
265
4707
3504
4327
4000
770
1089
4570
3210
1830
3464
3870
292
3515
3328
3641
1221
3241
3369
636
894
2127
3160
2607
4030
3886
2004
3521
1018
4747
1596
1282
806
1452
1960
4805
2221
3049
4374
1782
1230
4189
651
1521
4055
3978
1514
275
2218
4882
910
4464
2008
4070
2070
2389
2955
426
2261
324
172
3857
1605
2329
308
3565
3485
3880
2965
4210
661
4194
3399
2663
2067
2453
1640
3580
4080
210
4813
4989
4673
3172
410
3094
560
4716
4871
4173
39
1395
3029
2996
3723
4688
1560
2208
3567
876
1417
4227
69
1167
3241
3487
4972
4880
2066
4051
1441
3230
4039
2465
1401
801
1911
3313
1868
1781
2485
1907
3175
1865
1254
1898
1552
2813
457
1470
3688
3225
696
108
4392
3936
4947
4363
167
2012
3413
2960
1594
3803
424
2994
955
3686
1306
2823
467
142
1081
3641
2006
2334
1890
4909
1498
2346
1378
1537
571
2073
2996
1314
2360
2942
676
3879
1306
440
3190
2899
594
3613
892
1549
2299
3550
4371
4117
43
1803
2757
2049
4136
999
1957
1985
3344
3335
3521
266
1759
1516
1579
471
4458
3606
701
763
4045
3890
13
4639
3854
2256
1187
2504
805
1909
1620
848
63
729
4248
550
1727
2556
2534
70
890
1054
1688
4001
3921
3266
4471
4730
1872
171
1844
2268
412
1856
1906
4265
4112
4444
1769
1268
2704
3388
2115
2766
4116
2714
4667
2194
270
2200
2264
1159
4605
303
1511
4878
3568
981
4607
1791
2503
1451
4059
4266
3306
2316
3531
2417
3112
299
3685
2167
38
2151
1285
506
1217
951
2699
1486
4503
4962
3996
4107
264
507
3984
184
2839
3591
3326
1694
1393
3736
959
4698
2404
4489
3467
515
1139
3503
4033
1177
2005
317
1682
3221
1268
4380
4706
770
694
54
1228
2309
1912
1564
3844
4750
154
2170
2795
2898
905
3754
3947
3308
4594
2413
174
733
2267
4207
3261
4272
875
4942
3844
2142
673
3550
4263
1366
4955
1843
27
1866
3406
3870
1615
3559
2391
762
2808
3296
4515
1754
2955
460
519
4481
2544
2785
3687
804
3408
4561
2097
2252
3055
2770
2153
3669
487
2107
511
1865
3972
3916
735
1938
3826
3125
4051
1633
2772
3565
3387
2079
377
257
1559
2920
3041
245
3724
2801
1157
2172
52
563
1293
2204
4232
1780
662
4742
4996
985
3658
730
4274
2483
207
3325
468
4330
3241
206
1408
3617
462
2966
1537
4854
4562
1612
2654
2071
3783
2705
2633
1428
1260
1864
3207
1921
2958
4554
2905
2967
284
2179
1801
1842
503
2268
2523
95
2473
3931
3712
4286
3248
1600
4140
4162
3211
1793
1232
3345
850
216
4772
2109
3432
4330
4030
1389
3884
3286
4355
519
1816
1155
3712
3670
4775
1234
3765
3599
1516
2476
2885
1116
427
2024
277
3637
168
2860
3333
1017
4427
4457
3126
2858
138
3507
598
373
3144
4952
2243
4960
2459
954
4981
3585
3540
3745
2183
55
2572
67
2522
2998
2090
4150
2986
3610
2009
2671
4626
2788
3479
4103
645
3616
3961
1243
341
2105
2546
2583
3416
1356
4889
3396
4940
3428
3493
2123
4834
2416
2189
2356
414
631
1505
3399
592
4866
2421
217
2653
899
672
4649
867
4632
891
1207
3088
4789
3789
2855
2496
3677
2603
2436
3456
2447
910
3290
4862
4450
1997
275
80
3501
26
2023
4718
3798
2240
3722
4697
4263
3371
563
246
613
1769
3334
401
1909
2540
4249
586
1494
1684
4041
3940
3945
3682
3802
3394
678
428
4826
531
1805
1848
1600
603
439
322
299
4701
3692
861
4947
4304
3981
4632
1057
889
2171
1657
2826
17
3340
3219
3956
3636
1900
4109
2029
3930
4537
1854
812
1341
3702
2411
1943
4140
2732
3593
193
2775
805
139
3431
4785
4770
839
2026
3292
2495
4851
3308
2186
3069
3616
821
1321
2724
2849
250
2260
1055
2413
4953
1108
4823
3247
247
3907
1840
1791
1681
2644
1929
1463
3781
3050
2301
2158
1342
4795
2008
1001
3332
1429
4616
4152
2749
2340
2001
4350
951
4407
1762
903
514
2936
4150
2112
1842
2341
3903
4875
1336
831
1337
116
233
4990
2273
2926
1136
633
3926
4468
2061
4894
3619
1161
2233
1971
1862
3183
1377
4975
438
1890
4262
4587
354
2456
3279
4256
2330
4614
1438
18
4730
1670
1359
3354
4595
2495
338
4873
1962
3750
4766
1932
4910
3350
3903
3123
2884
1631
4449
3321
4873
3711
4259
226
1166
2537
833
3495
2151
2270
4864
3232
292
1223
2937
1238
69
3275
1110
2030
2024
2227
3961
3286
576
4215
2760
4812
846
2209
3132
2070
919
3743
2295
2084
2631
3127
1930
1133
1748
3145
4364
2039
4367
3653
4629
787
1927
738
2816
302
4317
3129
4939
4892
2343
2699
1055
4540
4907
4187
1609
825
4281
255
4260
1911
4733
1189
3044
1481
685
3759
4871
1404
2411
4499
2190
689
1589
6
2343
905
4486
2281
2148
3180
4979
3203
2720
4885
3741
680
2061
3021
935
1320
1283
667
3860
4326
3499
4545
4437
3370
948
3199
2868
3137
3888
808
4494
2582
1712
3979
4862
3860
2159
4841
3414
1230
1077
2154
1909
4490
1526
4195
2161
2808
1214
1021
2134
1064
1917
2922
4433
4216
1120
3653
3704
7
4460
3198
3940
2524
3528
3802
2735
2038
4994
1148
3267
2422
3301
1528
1911
4826
2074
4072
3985
4639
1444
1118
703
4712
4039
135
3927
159
139
2630
1517
951
2179
457
3474
2059
610
1208
4096
603
3707
3715
3024
3359
1594
1287
4536
3667
358
3520
3306
3153
4638
360
2864
28
1846
1790
1538
1985
771
4407
2935
4302
1215
2760
1360
1824
319
1807
3778
4025
1873
3153
2383
4818
4439
1918
4837
1148
437
4494
4300
1426
4853
2163
1454
1698
304
4343
3682
1075
3749
2968
1728
1315
2079
4439
3138
2397
1245
3267
1421
4470
1420
155
4287
858
2072
4123
2006
2509
3616
2657
286
3468
4820
1739
1518
123
2434
199
2549
2534
4519
4276
3849
2949
3714
3338
346
1311
1605
3118
780
3024
3273
1418
233
1696
1893
3590
4204
508
1247
842
328
2418
2580
1845
3892
1365
3395
1441
3899
4265
716
2747
2214
782
1084
3911
2092
2688
2028
4223
2063
1652
640
3648
3348
2532
3589
3903
4392
4835
4744
1071
3604
3676
2915
2496
40
2661
3936
3938
1926
1003
3036
491
1784
472
4401
227
3159
2780
4449
1574
4432
1441
1573
4131
324
161
3033
4715
1348
2777
2137
4951
2804
51
2446
2843
4064
2733
3133
989
3736
2520
2831
519
2991
2231
2098
2502
10
1546
4075
793
2986
1999
4923
4662
2159
2956
4376
3506
2084
2865
3457
1239
4267
2254
4081
3330
4987
3565
670
3722
1085
3500
592
4075
730
2689
2928
2092
587
3354
2884
4924
352
2807
4585
2511
2114
313
1016
549
3177
824
1787
2443
3078
2219
773
4416
2136
1442
4489
3220
4942
80
3646
2023
4121
1574
466
4707
4927
3350
4630
1631
2508
567
4141
973
879
1508
1521
4055
2332
4659
1497
1761
1877
2269
1176
364
63
664
3583
1356
2095
3581
4730
2567
1506
196
3625
2784
3545
4607
4414
2404
173
4906
3376
1051
1414
1248
105
97
2258
1601
1857
486
222
4384
850
1636
1399
784
4343
3493
4364
4072
2412
2221
4267
1036
1357
4163
642
770
1566
814
676
1293
3216
3441
3892
3320
3537
1149
1273
393
1635
2846
1128
3836
4481
2526
4619
3823
2370
335
4246
4781
2555
3513
2169
3911
4027
2810
1033
593
4976
3060
3237
4543
1500
3481
2863
36
981
487
1780
3967
4684
2907
2802
516
1784
2421
690
4153
2755
4935
286
1661
3447
2454
572
3826
1615
2956
770
2942
1015
4006
2485
2514
3838
1699
3901
4819
3537
680
3785
3220
4938
1587
3735
1721
359
4424
2225
3113
4358
3862
4773
4157
2667
1696
2982
4282
4651
3751
3575
665
4108
2411
4530
2946
461
3430
4116
349
461
2900
3568
398
838
3654
3470
1196
3077
2047
4308
3787
908
433
4295
3575
3480
3628
4208
3131
3730
4134
147
2837
1545
1029
2134
3357
810
1249
3706
1271
501
3625
3020
1338
2279
2842
3886
1707
4888
4545
493
795
4977
1139
721
3457
4766
4928
2939
3495
4062
4437
2684
1958
1817
1169
314
2627
3770
4019
249
4270
3996
3268
1959
1274
1109
844
2980
996
389
3473
3143
1717
4611
3863
1525
729
143
815
4223
4204
1604
1906
1161
3420
3075
2826
1046
1844
3197
1294
2465
2192
914
4423
3465
3374
1619
1444
722
3359
1268
3864
75
2231
4078
1600
4311
4220
3766
3533
3423
369
1791
935
3789
1217
3761
1186
4412
3309
3832
1876
500
4745
2650
3964
3118
620
1759
3839
3978
4379
4054
4053
2961
3132
2004
2271
2351
769
803
2126
1138
3945
3060
4926
161
3172
2463
924
1480
1294
2799
1979
1038
1801
2294
508
2420
405
698
2750
4783
1104
1802
2743
4235
157
1365
2937
2277
3519
62
3414
2464
4474
4691
3976
3997
2154
4900
1829
4799
4050
3807
2189
2202
2453
2696
974
2857
4745
3723
3991
848
1876
3085
1434
3384
4449
4371
660
2967
784
4074
1782
1609
116
758
606
3621
2009
2434
3420
1058
2592
608
4612
1396
4655
585
604
4399
4307
946
1599
2534
4030
4384
917
4830
3754
1576
4149
890
2001
2282
3850
2117
4391
4455
2089
1399
3240
508
3809
2184
2467
3420
4931
2121
4004
535
2872
4662
1480
822
2195
1862
205
4463
3043
311
1038
2191
2552
3039
825
1401
1507
215
2208
4947
1614
1799
455
422
3982
4273
3841
3913
2746
4196
799
1969
209
2278
2790
3755
491
4346
3217
3534
4656
4254
2076
2207
3644
2900
4960
1502
3115
2167
1449
4728
3965
3255
1501
4299
2527
1693
4563
1624
2240
361
3592
2448
3990
1381
1202
4481
727
4418
4366
1734
23
1441
3941
19
693
252
1520
3807
2418
4320
4886
2734
2574
1386
3384
1453
3078
2946
3076
1669
4658
1668
4116
5000
4400
317
832
1478
1086
197
3212
1108
2989
3504
2478
3681
3755
3998
2487
2524
4669
3724
257
2243
109
4993
47
4538
2938
4474
1206
3948
2493
1673
3947
1893
1989
1130
4722
4426
1326
2933
1886
666
2788
4363
4347
1542
3360
3185
417
4381
1909
674
1623
3369
2018
3021
2907
1307
2494
464
254
4987
2137
552
3231
477
1681
2952
4903
4358
2237
1788
24
24
1150
4370
1566
862
3906
1982
242
814
4007
3216
4183
1024
2588
3441
2331
81
256
3936
1419
2392
4488
4649
2869
2520
3953
4123
1878
1189
910
1901
1212
3411
2622
2777
4272
1527
1111
865
3693
1469
432
2875
3845
3019
2667
1175
3100
2922
1462
870
314
2301
519
4534
4821
4471
3656
3050
2011
917
4950
3222
4327
2571
2351
4951
449
3461
815
4141
4929
2599
3367
125
617
1033
1299
68
3955
4113
938
620
1413
1456
1505
2585
2278
1512
634
4288
2428
1935
2509
3106
857
1211
3056
1306
4671
223
446
952
2821
3813
1076
4789
1197
3727
4857
1503
4191
794
2122
603
3601
4978
4540
2230
1489
1525
1517
268
3460
377
3374
4316
1588
2781
621
2610
4355
2419
4913
3527
2583
2341
3316
3779
2419
3172
1634
1609
317
3755
3563
3917
85
3102
1146
1573
4627
4014
3193
4438
742
1566
3753
3681
698
726
2643
53
4496
2555
3579
2078
4895
3246
2208
3665
2769
3841
273
3085
3948
3836
3353
4032
3289
850
1956
4267
4863
148
3704
1957
3065
3809
637
3763
4534
3279
167
4029
2186
3745
2458
3432
1991
1017
2097
1111
4858
2369
4196
157
2556
2548
540
845
4750
3847
1463
4612
347
167
2920
3411
327
3557
3525
4860
3187
3691
240
372
3788
4049
3804
2130
65
900
3240
1274
4620
2435
2782
2176
1335
3321
4372
1084
2168
834
2047
2514
2352
4967
2276
2678
4875
801
3889
4413
4491
480
4785
3278
4528
4940
1759
945
2191
4999
2218
1810
3785
1352
3985
119
4672
4708
2554
3191
1894
953
2056
4245
919
4332
3275
2145
132
3515
1557
974
3995
2693
604
4874
3984
2362
818
1174
2360
4388
2984
1145
739
3320
2615
410
4380
1521
4953
1273
2473
2008
517
3391
1339
143
1887
2822
3658
4795
3796
2652
3840
751
3877
2823
4464
4695
3997
3176
4082
3332
672
1172
3003
3286
2933
2382
4806
2885
6
2278
4893
1875
2020
2583
2017
258
405
2026
53
552
1029
3892
2654
4906
3066
2117
4600
2062
292
33
1745
963
1204
1100
601
4136
4833
406
3373
4839
4036
4617
1713
2407
2199
81
4017
2603
2107
421
4506
3135
664
2159
3040
3729
4276
3991
2143
919
4023
3887
1882
1578
1338
2482
2066
1171
4239
438
1009
4626
54
4073
3385
2252
4153
3753
1207
1259
4173
2064
746
4836
4223
3785
3564
4850
2776
2058
2120
3150
2297
4001
4728
3634
2834
1793
1156
3425
3582
2164
4402
4987
2588
2786
2238
1741
2890
4796
4351
2062
3212
96
3249
2434
233
3165
3635
4360
222
2106
2509
2518
1107
3588
2504
292
1732
3659
68
313
2175
4470
299
4762
3607
3889
2854
1497
36
3557
3558
3247
4
1807
2032
236
1323
2018
4595
1544
4124
3456
414
1582
2043
2917
1873
3775
1575
1941
439
3749
2762
2090
4863
1368
2330
4068
2864
2365
2624
2774
1964
2628
932
3995
4215
2254
2365
162
149
1488
3617
562
3069
2011
3478
1293
2137
1405
4585
2576
153
2346
1017
1367
66
3346
435
4281
2062
3058
3406
4025
2037
4337
4372
1252
2942
1736
2765
3091
4575
1381
3652
2643
4743
3482
287
1880
4886
1224
807
1390
4921
1823
2757
4986
1520
4543
4267
3581
2600
2672
2606
989
3361
3329
3592
2654
64
1356
744
4638
4088
748
3632
3830
581
270
2061
466
1493
4219
3207
1414
2393
2315
2751
3912
1857
3369
2493
809
2393
1450
1797
753
1130
388
3406
1193
1743
502
2182
2182
1249
2165
1011
3181
2434
4424
3646
279
3642
3204
3044
1035
519
794
1298
2375
515
142
3183
2907
1591
4979
3659
4072
1718
3416
264
4812
3917
3797
1993
1517
961
3004
4697
4747
3779
4694
25
2420
4250
4420
4806
4768
213
1104
2142
2079
1245
1677
4985
4188
3007
3643
3259
4725
3411
4875
4536
3679
3671
1529
196
984
884
1244
730
1014
2290
2106
3433
1539
1525
4591
1306
3089
694
4799
168
1938
2827
1504
1125
834
147
736
1910
4909
610
2797
3587
632
677
134
1615
1560
2730
3696
2573
19
2153
2358
2909
3677
1948
4214
3118
3993
364
4637
930
3191
1140
3407
376
2638
494
2285
2546
1103
1433
2485
3086
2110
2618
4701
3669
347
4748
2594
1717
1901
1303
4625
1929
4602
190
1398
3594
1906
1034
875
1448
3526
633
1823
2515
1126
459
61
3580
1891
3897
1666
4000
2866
2718
4021
4565
3817
2966
1281
717
620
2258
3998
221
3799
395
3814
704
2781
1040
2151
1306
1673
325
3820
4150
2135
232
4082
378
480
747
729
3346
4816
1101
2910
3632
4066
542
701
4685
4151
4698
1257
2950
1444
1422
3653
4224
2462
2156
529
486
2480
701
4635
4615
2284
3716
1344
2764
814
2072
1109
1981
3173
370
1965
2238
2263
2665
3275
1414
3714
4531
4363
157
953
3015
4381
4766
1522
1261
251
4002
1961
1237
4968
597
4953
2663
3360
2118
4734
820
4099
2906
2541
1063
1496
4803
3727
1122
1216
2440
2004
1930
3948
4308
1297
3328
4073
2818
4589
4323
3171
2901
560
4490
4849
1864
2152
3208
3981
1886
379
3079
4791
2919
493
2638
4074
571
3759
289
4362
763
3571
3310
70
4867
1637
495
2684
2577
4817
855
1830
1728
344
1678
4943
3848
1238
3924
733
1616
3354
1875
887
3847
4513
4960
4417
4623
1600
3779
1737
170
3440
1807
1388
1428
2301
4072
4005
3469
1278
2186
1549
2973
3863
1491
1820
1452
1766
2552
4420
1472
4427
306
318
291
1617
1086
4913
4568
1216
1650
1090
4655
4808
2477
1083
3460
2900
1439
3280
4177
3624
4828
2150
3838
2671
3969
1642
4436
1521
1061
907
2299
2718
2576
3941
686
14
205
1605
2581
3206
2694
2236
3013
1523
4670
2824
4422
2460
1104
3599
2435
2283
748
2624
4953
1068
4265
4389
3940
1677
1647
1238
4394
4223
1530
1431
588
1735
3036
3168
4940
2081
1755
4305
3603
2776
2128
3025
235
4583
2975
4021
1866
74
1645
1818
1141
2261
2558
81
3938
557
2670
4683
4779
4200
2466
1718
2286
501
4885
2225
2581
1640
2881
1184
4415
1361
560
1002
943
3534
22
2808
4959
3018
978
1099
279
4887
2531
568
443
201
1602
1573
752
419
3290
4389
919
3175
1613
4852
4814
846
2387
580
2206
2946
1581
3148
2831
2955
2308
2789
972
3285
239
2602
3171
2770
4521
3614
4322
2475
1538
1425
2893
4828
813
164
3002
3777
15
4167
4622
3753
1098
1827
3050
4031
1327
880
1985
3634
20
4308
3270
258
1910
2792
4379
2782
2757
52
1608
4295
1476
4501
4122
2288
4664
3475
2417
1030
2641
2038
4782
90
217
2831
4120
1543
62
1104
1528
1433
412
4797
3042
3673
3940
2421
2806
1697
2472
4414
991
300
3914
112
3939
4929
3586
1355
2310
2578
4745
3443
2667
4961
1273
3139
2855
2686
4242
734
4118
1005
530
2159
1029
821
931
3835
2517
4755
4600
3507
1406
3513
4970
344
4793
4907
3051
3454
3836
2795
1896
2855
4107
4520
993
1961
3557
1586
2694
4026
2591
4575
2536
3619
1747
3467
3805
4264
4573
3404
4122
978
3268
4092
2673
4412
350
723
2865
538
3517
1112
3392
2623
1983
4384
935
539
969
4980
4564
4911
906
2100
4882
2653
1918
3686
1916
2842
3442
1037
3819
3061
1480
1491
2473
3182
2214
1689
3719
2082
4153
2110
4705
1135
2845
1991
3026
165
1971
3941
76
2876
1040
4957
528
4309
4994
3795
2150
4787
1184
968
2848
4015
3811
1672
2196
2376
4712
914
4457
3864
4375
513
1351
3571
2504
4376
3736
826
3316
163
3701
708
119
581
16
1464
727
3518
2603
1910
837
450
925
4647
3473
3120
3374
3184
386
2831
3400
1112
4695
4750
4683
3550
477
3418
4375
144
3580
3076
851
50
8
2219
2865
734
736
467
2644
1572
2268
3568
2571
2092
3039
944
276
4776
126
27
888
1173
4776
570
4722
252
339
4097
395
270
3524
2598
319
3531
4816
4535
4264
1903
1354
3259
3474
4973
3178
2396
2065
2569
3340
3692
2344
4817
3718
3231
989
3493
152
711
96
490
4807
1842
2111
4682
4439
3781
3212
606
3316
3827
2508
4669
2086
2334
993
1615
1081
3057
4183
4420
1748
2879
589
465
1109
2929
309
2613
3639
1756
4454
4797
3598
1565
4478
4388
345
4041
1346
3660
2868
3853
4680
1305
2538
673
4271
3619
81
3454
4390
1829
2684
1330
3645
3792
4259
306
2756
4249
2061
2210
398
658
3774
1227
1398
4118
268
2743
4130
4487
2947
161
2143
1837
2185
1413
455
2266
1218
1196
446
3901
3878
442
4045
3136
747
1800
2384
2808
4009
4133
4817
4134
360
1214
4604
627
308
85
1465
3255
245
3607
91
3782
19
1897
1047
1237
4444
2844
1489
3321
3285
533
1456
384
2333
192
4543
2693
4324
4359
3179
4683
1925
2782
1661
2232
4218
3125
1838
814
1731
3280
4595
3102
176
1993
4338
972
1188
826
4292
4473
2711
2100
1208
43
3643
750
4087
4318
108
3617
4001
3384
1398
2013
1968
1967
1490
157
2781
3220
3437
3727
2673
4964
720
2010
935
1907
4188
1579
2731
3250
30
3938
4644
3672
1039
3730
2989
2499
2347
3341
882
96
354
4201
2063
3195
4358
1195
2766
4146
4921
439
4109
1992
3800
1396
3899
4339
2974
2981
2588
3003
3271
2231
3026
4309
961
1014
1807
4659
4355
4041
1106
1060
4593
4520
606
302
714
3371
4447
1987
3809
4908
3978
2609
1303
2876
1947
628
2209
4535
4982
479
3117
3007
1139
429
372
4298
87
1078
4690
2545
3489
4282
2064
4094
4584
2778
2465
4030
4764
1273
3937
3741
233
1591
2969
3532
2218
1529
4418
3551
3359
2534
2909
849
2963
3281
146
4401
4358
4835
1945
4199
469
4009
3292
1404
3138
756
433
4253
3381
722
4345
4965
3664
3665
3496
2234
193
2913
784
3551
447
3693
4400
4761
1973
897
4161
2682
2084
1106
1880
2552
1466
1524
307
4603
3631
2091
3855
3363
2812
3199
3328
2828
3216
1823
61
3408
1088
844
3311
2886
4536
4062
2646
2860
4958
3158
1894
3393
4263
125
2296
728
1648
2602
1682
279
4693
536
3641
3856
87
3320
1683
3302
1495
1743
3061
2582
2587
1371
1819
3474
1784
4464
2686
3094
2621
4579
1486
3236
4703
3782
315
2703
2735
1997
2981
2427
3884
2973
2635
322
2645
4317
4975
4139
1060
3036
3072
4998
758
4890
4823
3894
4353
2508
1987
3325
2086
3472
2912
1789
3605
4579
843
2692
1575
175
1470
1810
3147
4104
3484
2143
3421
3458
1281
832
2845
4352
2181
4955
4241
2003
3848
4945
4511
834
4622
2948
657
3885
4736
614
3463
578
3305
1389
2104
1126
3199
1603
230
3034
3745
2
1491
1378
2185
688
729
4365
642
1322
2719
841
2618
2229
3026
2239
177
34
1124
1264
647
4586
3194
303
975
297
1429
525
1899
1658
3558
1996
3011
1400
3373
195
2087
4101
911
4080
1774
3629
1272
4392
2210
4297
2982
3738
4331
4105
1353
1329
43
898
1632
2369
2547
4412
4245
797
2421
2802
2792
431
553
1164
1977
3992
1617
2887
4423
4742
2867
695
4133
76
1343
3467
165
673
2571
1518
3354
3965
3767
4985
2685
1313
748
1929
2110
3168
4730
1253
4950
1635
3769
1926
626
385
1164
48
1478
4030
742
1963
458
3437
429
622
4109
4351
3491
2462
3316
2258
3798
1000
3570
4545
4281
2031
4064
362
3284
4013
1996
2052
938
2621
3788
3453
4021
265
2483
1114
3579
2940
4550
4007
4913
11
3358
3404
3824
3025
2013
2622
376
1934
3518
4656
3965
3934
18
3600
2946
3365
2003
236
986
790
3688
1358
2406
2522
2471
2337
1813
2021
1343
1726
2031
1052
1481
2206
4076
3493
1179
804
426
1049
1811
742
4982
1828
4341
4279
193
1343
866
2530
3484
4554
3887
2242
3427
2709
4578
240
4729
920
3317
3111
3324
4797
1669
3751
3289
2847
4554
66
3895
1365
808
3876
4544
148
3155
1088
2843
4020
4969
1326
4925
207
3567
4704
2916
4496
4943
3996
1768
3259
3459
91
3055
127
3841
2695
2973
4747
2760
1868
2463
3567
2095
3358
67
1601
798
2909
1973
766
4234
3249
973
4153
2952
240
5000
4246
4235
1767
2504
2693
1857
1910
2819
2050
956
2144
1796
68
363
610
4986
2457
3967
52
410
4764
4312
2382
1882
4898
630
4206
402
4934
4445
401
4179
31
2168
3035
2724
376
1296
1894
2425
2252
389
572
2319
751
1181
3656
3208
1500
3708
4969
1263
4371
2350
3144
4268
4331
3701
4669
616
3145
70
4795
3176
2237
4181
2251
3964
476
496
2741
4079
885
4664
2749
2987
845
1405
2546
3696
1464
2514
1310
834
1215
4454
102
546
3154
4770
1161
2651
1191
2307
2178
4779
2839
4428
3743
4667
1275
1483
3745
3511
1146
2846
1498
3342
4250
4043
2037
2065
1557
3347
4250
2771
4152
4351
4668
3657
473
2181
2659
3015
839
4836
2794
3678
615
1536
4696
1890
4370
3440
1752
1867
2637
3249
1561
3238
3644
4949
302
200
4647
4552
4322
150
254
342
3807
2078
2522
2817
93
4712
4005
4238
4741
4619
773
4436
2860
1494
4228
4612
4712
1864
2860
1272
1454
2855
1221
1755
3054
867
2658
3728
1017
4264
421
1175
2693
4294
343
2785
4005
4347
2022
98
3966
4146
4533
1825
1991
112
2788
1703
3328
2000
2974
4781
4854
546
2887
4260
1413
1897
2987
3781
2512
4759
1307
204
4052
1649
4341
3056
996
2714
3153
4961
1860
4038
3137
202
501
925
1904
180
4276
1230
1312
4129
3127
4199
3388
4539
2447
2726
4671
4958
2484
977
1513
1535
2626
853
943
3621
3567
447
4933
1778
836
4421
1979
2689
1697
235
2868
972
1464
4180
1453
4590
4730
1192
481
3528
3918
1503
3485
2753
2480
4997
640
1457
850
2934
1429
768
4732
2713
2545
568
2133
4523
3256
182
4757
2475
1153
2572
1654
2605
3514
2735
149
346
1262
4066
1848
1098
3170
679
1095
161
2135
3296
3094
4915
415
4178
2627
2959
4745
1112
2481
4352
1293
3590
3178
2445
2513
4832
1402
1026
3918
1550
1371
180
1967
4571
1277
1488
249
3723
1649
3736
3370
1094
3650
3784
1623
2629
1742
1367
3740
575
2070
32
4164
248
3828
1676
1431
229
4054
348
3130
424
1879
1448
1346
3156
4288
1595
1878
936
330
1600
3381
331
383
4
2959
2125
2722
1698
2699
1144
1729
3214
2743
557
4889
525
2137
3942
2224
1619
718
4103
4418
2063
3610
3705
9
1839
992
338
3438
725
2021
3821
728
4979
945
4801
1677
4995
2296
4757
3208
38
1665
3096
562
154
3390
4138
1772
459
3240
2541
2521
1849
1246
2530
3687
2237
4219
2125
2961
1239
2297
40
1218
3241
1193
4246
3235
3488
354
2794
4878
2019
889
1791
2172
630
928
295
1088
4167
2835
3609
2367
4080
2490
2406
2669
3060
882
629
651
3178
2021
3220
2770
3213
2465
2356
3052
2818
149
2929
1188
1037
4720
4711
3019
647
5
4106
1166
4192
4066
3532
4623
2907
2289
2291
967
3170
4272
1617
1347
1292
4836
4116
856
3652
2823
3907
2821
2971
1836
4009
360
1555
3719
3378
3553
76
2483
1070
4267
2901
954
3889
807
3242
2532
1773
1412
1803
4741
2758
4446
928
3226
301
931
1048
4207
3752
371
2394
4112
730
300
4182
4107
3853
609
2941
4922
1227
2193
875
116
3000
4117
3999
1124
1880
801
865
989
1598
3144
566
1898
4075
1614
2456
4178
3336
4850
4641
4065
149
174
4523
4001
783
3815
275
2009
1008
2501
3476
4007
2969
2474
130
1200
4626
2346
2189
1223
1842
2754
4472
2268
719
1928
1445
4054
1777
1085
3118
1925
2610
3992
2278
3392
2807
3904
1753
3814
2756
1580
2820
2077
406
4301
3276
1383
2999
464
2606
1192
3218
2077
3459
288
356
4903
4342
2132
2339
3811
409
4948
2803
2686
4692
609
1589
2796
774
696
4375
4945
2772
1132
4245
1048
2515
3595
1511
1472
4786
1080
4900
3244
2720
256
4498
2061
2387
1836
2223
2795
3136
1377
1832
4179
1985
4772
1974
4110
468
2700
4054
3239
184
4651
638
2698
3245
2149
4169
4383
4580
4068
3978
3651
675
3476
2063
3062
1663
4286
2208
1150
662
4040
328
3999
3811
3653
3108
630
2705
3514
221
2888
3164
858
585
2760
4358
1105
2142
3938
1524
1120
2588
2199
947
4651
260
2609
288
3819
3759
2301
4210
438
1299
3021
4091
759
2
1795
4272
222
4682
2435
1080
1618
1546
437
2722
3688
726
4245
1159
4666
2795
3457
668
3054
2417
955
3225
1175
3255
2434
2965
906
1806
2055
1664
1808
201
2287
2029
1234
1073
4460
2851
2618
4897
1924
2657
1974
2520
167
1639
315
3623
2306
4720
1040
4612
2944
3566
2867
1730
1530
124
3535
4936
3139
342
1488
425
3723
2721
1497
3182
1923
466
4430
198
3123
1404
2718
3289
4394
4384
3264
1700
455
4303
2663
4751
2868
529
1480
750
2004
14
2037
142
356
3525
1918
430
1245
4766
4963
4520
232
4393
4717
4706
2148
3786
2994
1541
4521
1257