3209
721
3623
4946
6998
5331
6105
4579
2802
984
6771
982
1726
8725
5746
2600
5320
4496
2118
7460
89
6726
2422
1737
3264
5708
7191
8175
4527
6400
1283
7735
4472
4905
3680
2469
7587
7136
4400
7740
5471
8522
8721
7196
8247
2818
796
1918
7313
2913
6729
7402
6990
150
6490
1253
5857
2032
6780
7735
8431
8062
6469
3903
1319
7500
3723
8905
5635
5474
7645
8457
4996
4717
6653
1594
4887
7448
3511
3199
1360
7591
1600
5701
7740
5442
6954
1948
7473
2085
682
6904
1146
4502
8158
8816
3001
232
6073
5987
5706
4717
5443
8053
6785
3095
646
2671
7894
1508
3222
6605
98
2173
3306
5189
7614
7611
7136
6087
695
7817
1342
8192
3318
6851
5360
3670
7082
2432
656
1139
4500
3450
191
2284
3897
7188
2307
142
8695
5528
6747
6144
5052
7404
2332
3666
3366
467
7104
4060
5635
8445
603
8952
6295
5962
973
1728
8393
1628
2867
3892
2430
409
3528
3678
7597
3186
3819
4643
6065
1565
1787
2116
6320
4118
5781
685
4585
3884
2096
1219
680
2699
7523
6974
6012
8495
8702
2757
7475
8920
4000
904
328
7527
1933
7924
1712
5751
3567
5128
4668
2705
7244
1987
6822
1376
2672
8758
5260
2119
7329
3291
2169
5851
7617
8181
2697
4670
1937
1171
4589
3288
8426
2268
1815
1358
1192
878
4461
2110
6006
128
4814
1601
2114
8987
2976
2137
8745
5587
4256
7073
8878
6424
1275
7494
2956
1323
3163
2244
2494
5103
5532
8271
7370
4698
6981
5913
2927
2441
8022
8932
2568
1187
7884
2033
7526
1860
4170
7270
7446
5777
2694
4675
552
1320
3168
3508
2642
3682
3103
2487
8784
8634
8110
4506
4331
6090
1418
7258
5882
6792
4541
5801
7978
777
7833
6503
2636
354
2124
7433
3482
2169
3108
4034
3488
3627
4893
6130
4661
7995
5968
4444
7629
5077
6301
311
2166
7719
4920
5399
5510
6813
2199
4487
7589
1032
8342
7576
7737
7817
3360
2219
986
6467
6252
4473
7446
2144
7954
3106
1138
4922
4901
6118
998
2202
3781
516
7272
6052
5914
3781
3864
8113
5619
8804
6496
2312
4731
5232
1129
8091
7450
2114
2909
4701
3938
1354
4196
2892
1811
2686
7813
4064
6155
6162
3617
935
6677
1888
4339
3591
5668
8202
55
2286
5358
6550
4598
1088
2781
3078
6530
1231
5191
439
3283
128
8144
4831
371
7307
7516
5535
2370
2022
2697
5986
309
6725
5225
4647
7667
1892
3848
7721
1529
6557
5270
3478
4997
5403
6555
2526
6633
97
2964
7267
225
2108
449
6947
6766
5316
3482
135
7338
3530
3472
7646
1254
8696
3292
8921
7939
4491
7641
467
2048
1263
1297
4396
6665
7851
6921
1649
7948
7237
6267
5524
6696
6716
3470
4461
3031
4303
4595
1368
7832
8066
6365
86
5113
656
6358
4051
2499
2350
1869
1898
3612
3165
6293
7628
2016
4213
276
7315
2449
6543
3838
144
1610
4659
4604
4640
8962
6550
6008
5145
2967
724
5230
8079
1380
8939
481
3878
2289
2350
5775
3252
5514
419
1880
4881
4631
8507
3195
4432
6049
4384
1927
5010
6395
3883
650
3708
1432
4009
8852
1751
4732
5082
7181
3463
2372
7662
7340
4660
7363
1466
7912
3876
1884
791
6109
3867
6649
6655
5650
3698
8391
7576
8707
5785
8810
6708
492
7594
1716
343
344
3800
2776
7524
7262
5148
6185
2954
7159
1899
4419
6070
3127
3655
4212
235
4873
1861
4241
1522
2910
3631
6449
8968
6767
3611
4028
4610
2204
3095
4953
2547
6894
5080
1070
5156
7579
4607
8109
5738
3857
879
159
6983
1885
1723
7217
4109
935
8810
2982
1196
3440
6783
7515
7559
1393
2542
3168
3596
2989
5472
6142
882
1552
4563
3389
6482
6521
8849
3219
1378
7080
730
8360
8964
8804
3929
4073
7090
3738
4406
8285
4529
2188
4151
3087
3580
4045
6255
7175
7033
2726
1668
5266
1629
3583
8655
8111
1103
8503
8681
8832
3934
6762
5544
3898
6565
6824
5322
2006
7913
7079
7642
3441
267
2793
3880
3846
4189
7486
2021
2221
7563
1040
7486
192
4622
4492
5654
3077
1347
5334
260
5280
448
5803
6529
7012
978
202
6370
8890
7281
5011
683
7547
7803
1914
8744
343
399
8116
2563
7961
156
7401
5504
2129
244
2157
5205
1590
4843
5465
4222
5290
8619
8102
653
6949
8304
7022
6838
3936
3033
4872
8834
8187
6785
8577
8530
7183
5045
8444
3496
5200
4196
8999
7328
4440
8508
885
3381
4350
3701
4954
639
3319
4056
7643
1267
711
5665
5457
1998
6049
7680
1831
5235
5465
7759
2116
999
3803
1560
4494
6354
3107
1845
4682
7546
1352
2918
8279
5701
6618
1584
3691
936
5639
2333
8555
3701
5349
2363
5698
2397
7394
7528
4984
3858
3639
7099
2209
4793
6010
4054
2147
117
5898
4180
5014
7249
7097
1644
1301
4714
3228
2343
3001
6218
2028
8907
919
7376
8621
6616
7125
7015
2496
460
8224
3486
7558
1432
8278
1920
5486
1424
8388
8735
5603
1753
4336
1051
3397
2988
5764
3976
5331
6117
1193
4710
6023
8463
437
2996
6079
7561
1010
5926
8020
6585
411
3930
8017
8688
3201
1854
7464
2588
1588
1418
1692
5923
2469
2440
6263
5584
6415
2593
2700
4960
7302
6075
4422
7738
70
7852
3651
7431
2129
22
5015
2539
1303
1383
8579
1855
3236
4394
1794
2176
5811
3486
5450
5631
5925
2712
2215
692
2656
2266
3003
7309
8340
4776
3399
5761
980
7049
1543
3108
4422
3910
2999
3077
5292
8929
4931
5880
4322
6725
8055
7484
1210
1856
4115
4486
4568
6329
2529
4575
8594
5531
2884
5286
7659
6282
8398
8638
1682
7293
2745
3455
2202
3095
6531
4845
3023
2462
1724
4696
186
7130
3180
7747
8986
7294
584
1905
1974
3113
3831
1567
5995
6714
4204
4653
3995
954
1642
3028
5598
1739
6483
7799
4833
4013
3643
5208
3826
2719
903
1363
848
4082
109
7185
8727
7045
6441
1700
1157
1272
619
4503
7985
2174
6508
332
3127
8149
711
6076
7239
7193
4874
3072
8558
5869
5631
3383
5939
3885
4746
6786
7967
2206
2323
5045
250
8763
6745
7758
7386
4715
3261
3723
6888
7120
1406
7367
6268
2116
4442
1859
309
6668
4930
8866
3536
7912
600
474
2796
5345
4611
8114
4903
4285
4159
5152
1400
8255
3910
8785
3969
4522
3507
8208
2641
2264
6574
6260
4380
8368
8118
4688
6035
1399
1905
6922
310
8856
7395
3106
5201
357
8571
1103
4642
3729
3606
3393
2983
7515
3177
4303
388
4036
3511
3028
6299
7436
288
1678
6803
8405
3717
3837
804
2973
1758
7465
2829
6504
7922
5381
6861
7493
3835
8854
2221
4792
3246
2556
659
3774
4210
1046
5161
7720
4074
2460
6156
1713
1489
1310
7469
2558
5147
5624
2882
4256
4089
5710
1760
3010
8442
5972
7854
628
3177
7427
5420
6422
7334
6078
7547
2543
7123
3708
7615
8548
3519
2122
7612
2359
3431
6081
4916
5929
2704
7798
1185
6792
1859
2944
7154
7653
6267
6007
8280
443
1785
2051
4216
118
5480
2762
2661
955
3821
7627
502
7339
748
8114
698
1530
5194
2965
7459
5249
1762
8643
393
973
8938
4898
8625
6204
8256
5256
6646
1041
4659
1861
1158
1138
1974
1170
2092
5795
8796
8946
1485
543
5411
8534
2073
7956
2499
531
4204
1612
6525
4596
8936
6462
6845
5912
3665
6101
2168
7662
7141
4178
522
8298
5315
8847
468
4759
2993
263
4704
4478
7158
1114
1363
6582
69
1213
4464
1624
2825
1988
3572
112
8449
1416
6024
465
7516
5543
8126
5656
720
8647
2306
3386
5845
125
8144
8838
6739
1199
1667
4896
8664
3029
8829
6084
4242
4292
7708
4418
6279
8631
4529
3079
1046
1552
3543
5914
7094
2668
2569
5165
8666
2226
8551
5511
2350
5046
2700
6441
6245
4366
8688
3260
7394
8517
344
8987
3808
5403
1756
1087
5033
3637
1517
3430
5188
5060
343
634
7727
264
3150
4745
2489
2700
1255
2191
5098
3954
5983
8694
5671
5670
2953
4064
5186
3296
1403
8994
6050
510
7432
8434
4146
6300
2864
6686
2359
3206
4671
7438
3469
7820
3182
3310
7872
1788
2852
3969
5741
8834
3662
2411
5503
3966
3826
8041
4614
2580
5386
1663
3090
1169
1097
7235
7468
1312
2272
827
4517
6942
8264
5338
5762
8797
5999
4633
1584
6202
5953
4676
6035
6966
4438
8889
1931
8263
5281
6544
8195
1666
5559
8636
2834
6655
4222
1302
7966
6494
8480
834
4435
5095
3523
1196
4891
521
3180
3826
4074
132
8501
1108
4449
3938
7349
6380
552
3629
1275
8746
2647
6833
8381
5480
1839
3603
4133
804
1096
964
7990
2882
3410
2512
4078
5652
385
4609
477
4458
4741
6329
2918
6541
1266
7618
3920
8170
2246
5195
7915
4892
379
4648
7724
2218
5602
208
373
4049
1172
8362
6930
1933
8226
8359
7585
8610
3968
8061
1419
6060
5390
4336
3600
4007
2953
4872
3176
2551
7418
8443
4794
7796
1442
869
1013
7043
1077
1386
8443
8600
7099
3724
1532
6324
3083
116
5933
7050
5529
4704
1461
1918
6391
5060
3276
6696
931
6452
246
5700
5894
2391
4496
7335
3260
2860
2729
1688
4245
2171
1287
8696
5894
170
6019
6328
286
304
1729
3166
5007
3189
2435
2397
5601
5710
92
3883
3161
6689
583
6406
80
5078
2092
691
7937
4820
2378
534
4342
1016
229
7588
1185
3599
4915
7822
3902
3996
1987
6260
7184
4421
6009
3784
1131
6100
5019
1643
1141
5601
8049
7572
1678
7492
8262
6966
3312
7991
4851
7653
6
5079
3592
1190
6030
8507
6364
931
854
8350
7191
8037
1123
4199
173
8605
7650
5191
1247
6142
8143
6647
4713
820
5139
3974
5137
5802
316
988
1806
321
3418
5398
1511
447
2256
7874
1378
3109
4575
5920
8497
5697
7470
6021
5301
3471
8563
3900
613
7705
7898
2677
5876
4036
4003
2013
7189
4318
3000
8995
4639
6417
5392
3501
4216
7647
8726
5593
8107
4300
8864
7603
7349
4685
4624
1001
8155
1538
2252
6119
243
1150
8796
6118
2537
3798
5482
726
8115
8481
720
1105
3250
3463
4605
7465
2109
4330
1409
7567
5982
7624
6169
1682
3308
8144
2682
8814
682
4934
5933
7276
6083
3080
1745
5971
4229
7227
6696
3343
6707
7415
1800
7308
1877
6404
5772
1337
8086
4532
8903
2419
3155
3424
4100
3814
8919
4133
3628
600
66
6912
5227
3500
991
6972
471
5219
5198
4518
5913
256
285
7712
7564
8513
2468
1687
7202
1553
3571
7104
3971
6725
7879
5422
7891
7798
554
2518
5749
6972
429
1976
1471
7771
6299
8293
1341
2496
1163
7253
103
1447
3317
5018
959
5784
4057
8160
4688
7627
3616
8658
2703
2494
5079
1593
7643
5632
4110
4392
955
1890
3719
8778
7012
1017
5422
8352
864
6584
6605
966
5382
7273
5984
6341
4056
7392
2852
8743
6018
3819
5752
6072
3665
8182
7665
2307
2165
126
4050
3120
8368
7768
2897
6379
6136
8318
5731
6999
5902
687
7965
2283
7959
2300
5975
366
691
6179
108
4060
997
5859
1131
2013
5040
6147
1672
7204
3625
5721
1323
2992
1841
1571
6722
7976
889
3452
5975
6790
1490
2291
6424
448
1942
3399
813
8984
6929
7272
4043
5277
1482
2525
7290
6521
6024
6313
2077
648
385
751
3639
2225
8674
7712
7553
562
2164
1879
4703
3653
4169
2126
1453
3462
2876
8617
3445
804
6889
7487
6081
8370
7363
1722
3243
4386
8034
2671
5033
5770
773
6023
7995
446
4735
3899
1007
4250
5777
5709
5254
7297
5187
6706
1758
8062
3675
5202
6218
1563
1040
650
7284
8402
8723
7878
1140
7756
1548
3524
4525
8673
547
871
118
2633
2121
7477
4234
7897
1537
487
3545
6723
4545
5302
3137
8219
7855
6706
7133
6246
7355
2768
5648
7077
1646
4139
3184
545
7662
5060
6569
5560
3283
6687
8192
5403
2515
777
1652
4051
1264
5196
8126
3160
7850
8614
8730
6704
6319
4214
1302
4673
4333
6949
101
5978
8439
3284
3875
7100
5695
1443
3660
8977
5481
203
5380
7995
980
7031
398
8595
578
8523
106
8427
5488
6187
3483
2806
1400
4784
4830
5732
84
4930
62
8522
5565
3936
3973
8611
2730
7632
8588
8211
5187
2319
4557
3518
6701
2306
464
7278
8180
569
4057
4667
6755
7539
7472
5506
674
3301
2237
7109
5582
8650
6630
8498
937
7954
8109
3667
6586
5048
229
124
7366
2137
3641
2418
4443
4104
695
3622
2024
2103
8289
8778
6993
4112
2635
7666
4765
2223
5774
7698
1873
755
7196
2809
8709
3656
3827
3646
6055
1407
3769
1772
3544
4761
4189
5338
8864
2235
6311
8239
4338
5599
5368
2330
7063
8002
996
2827
1224
4121
1524
3096
2228
6071
3257
8288
7078
7083
2933
4132
5842
4053
5903
385
6165
7443
3074
3380
678
384
2618
5015
3335
7985
7344
1397
6986
5691
1575
8209
7164
450
8657
391
3873
2913
6030
1950
7347
6314
3434
4188
1366
6688
1924
7530
5131
2349
1909
5808
2733
1878
8174
3419
862
6517
2167
5199
560
3741
1759
7723
1542
1415
5465
5414
1679
2494
4716
6378
8807
8149
7917
7524
5836
7193
3405
1966
541
2665
5125
625
4542
4298
4043
5403
8167
6209
7953
6078
7301
711
4800
6195
2126
7616
2608
1156
7461
7323
4885
4619
3823
3802
494
659
1994
3898
8976
2534
3914
2453
3159
8455
6750
4553
2209
3268
8114
1161
345
6414
1871
2496
960
1348
1111
3568
2504
5923
8242
7388
7893
417
8541
8386
1075
1534
3283
7402
1420
7196
854
1930
4002
4956
6482
6210
8223
5595
4722
8568
361
6593
8415
1320
7940
6878
2239
7795
3800
7833
3535
2693
8249
427
2078
6675
1961
2713
2428
732
7260
634
2661
8614
5589
6494
5823
2163
441
1545
8082
801
5489
7497
8472
1780
5374
8063
575
6525
4247
1461
6569
3495
1887
5999
7521
1199
8711
7300
8282
4322
7933
8294
3935
4521
5788
7110
4036
6228
6006
3117
4380
2494
1613
1203
4273
4338
265
2199
1863
4511
1011
8431
5357
2898
5429
1229
1448
2491
8529
730
4165
4813
23
5451
6686
3162
3560
1721
6741
6917
4837
2120
410
6450
3323
2035
8139
939
1585
1001
2802
2596
6784
5510
2845
564
6739
4292
407
3619
2373
4571
8431
8748
7373
6116
2909
1933
7836
650
6201
3673
121
6611
7474
795
5997
6612
1734
7581
4965
1887
7528
2748
7396
1372
3311
5134
3016
3717
8752
5388
5639
5535
5135
4012
2650
5396
3296
7838
6045
496
8862
6165
4458
4687
6960
7806
2298
6045
6387
4614
7931
4914
7361
3678
3638
8024
8812
6653
92
5915
392
3083
2449
2879
4446
2451
8274
7741
7640
2670
5588
7501
6186
7398
3187
1497
6203
2836
4893
3589
4802
1175
5855
514
4853
492
8537
4664
4496
5981
7930
2239
6415
7731
5117
1860
7533
1742
600
6172
4411
3539
2024
7949
1936
2562
445
8139
2749
2690
79
7550
3864
3285
8064
8716
1128
4952
4379
5623
8284
661
7862
5698
8391
1330
7557
4275
3072
5508
1446
4834
6399
821
3782
8334
3382
1579
4824
6130
4268
4903
2032
8131
5539
7447
7847
6667
3398
577
3289
34
7589
8502
5731
6979
832
1640
2253
1255
4499
1050
6088
1897
1870
7222
1231
2603
8800
3406
8733
1419
5660
8116
549
2199
6562
5747
8865
7311
3676
505
7344
2264
7
1427
6595
7190
3066
6199
8444
7564
4601
2883
461
6470
1104
8043
73
7255
2448
6157
8673
5460
5272
6574
7658
2833
3320
7522
7495
4347
5378
5839
6611
2736
7265
1557
925
7682
7755
6720
6245
3355
6955
4057
7177
8058
451
4601
3665
251
1757
3337
5710
4380
910
4367
7212
1582
240
5706
3280
5617
8896
7242
8353
4512
8798
6629
3193
4905
1701
6790
5611
8655
8198
1139
5064
8649
5739
8728
8899
7495
3065
2960
2874
1326
7326
7437
259
7565
1495
3539
1533
7742
1780
7237
3254
7930
4866
6446
1186
6566
1587
6796
3572
785
7935
8635
6785
2025
5715
4035
520
6131
6994
745
4808
5319
5534
5067
1235
7028
5957
119
5769
5088
7356
6374
4017
3221
3820
5202
7138
2758
350
1709
894
5636
7695
7678
7660
4409
64
5531
7891
7057
6276
3699
727
161
8765
1961
7188
3073
2080
1308
8160
435
7682
529
1007
8853
3082
5496
8962
3431
7204
856
6418
3250
5885
5078
5011
5949
7960
3901
4005
2587
7599
4732
2747
4715
4044
7286
7787
3475
8594
4299
1261
4627
4827
2267
4479
7908
7762
4440
8691
3317
2647
6108
3919
8532
8537
8929
5480
7497
1181
6836
1083
6132
2567
3830
8198
3963
2115
4337
7437
8060
8635
8698
3686
4461
8316
5516
3368
4430
7308
3058
7746
954
166
16
6837
6054
6296
3316
4550
7477
1152
2985
1960
1070
6814
1157
5032
6280
5493
821
2692
5127
6870
3729
6939
6185
245
1307
1614
4904
1716
6712
5857
8233
6727
1046
5287
4023
1713
7188
8851
2864
1172
8162
1286
5337
318
3669
8969
3163
4489
2660
5641
8710
6388
3580
5895
3984
2238
4860
8887
1305
2571
3096
538
6650
4141
3176
8024
5853
1363
5226
6069
8887
4387
4706
5223
2056
5726
2543
5218
7567
2554
1859
7276
6294
2790
4170
1277
5027
6382
7516
3683
6304
7963
4220
3953
3103
4747
328
6307
3462
2905
727
3348
7291
2784
5922
347
8510
5817
2916
7076
8370
2126
5351
5663
4915
6873
6940
7293
4254
2807
1976
1557
1769
3547
2862
2223
5646
541
8529
107
3446
6608
806
8088
6743
4079
5786
6252
895
8702
1679
265
8179
4382
5927
1446
2254
1218
8738
3859
4024
8065
2767
5792
8964
2980
5366
5609
3521
4895
3067
4318
8854
3872
3405
6596
5302
6543
1200
6197
6244
2878
3813
2774
7259
739
4219
6864
8309
3957
1722
684
373
1841
3828
336
4820
193
3296
5692
2439
3714
1009
2292
7585
1766
6240
1239
8308
7439
7435
2903
7668
2247
5676
5927
337
7247
1142
5997
2203
216
6681
8927
2056
1508
6615
4227
1700
7262
919
4139
1976
8279
3782
6912
7396
7373
8150
4055
5811
6584
4309
1831
6182
7337
5109
3871
5583
6250
867
5137
6465
7547
5063
5872
6406
29
1099
5458
7291
8369
6948
266
4999
1729
7177
747
6454
6327
4801
3264
1262
6462
2446
7444
4798
7554
2314
7732
4804
3180
3868
8620
8079
6282
2844
5484
6311
1294
1941
4601
662
8888
2218
3012
7969
394
3758
5422
4072
5911
6037
5334
3372
8483
3777
5521
4388
3442
4252
6543
3973
8119
6163
3051
5400
6358
5887
62
7651
5179
2014
5664
5067
4231
8675
1387
4625
785
4160
8696
6695
7548
2381
7418
7030
3509
3938
8770
6950
5541
6312
8275
4659
826
8677
7410
7183
5563
7472
5833
1742
485
8848
4160
2068
5875
2898
6692
6659
7057
3739
1705
5604
3472
6474
986
6980
7763
755
2282
4303
7066
7908
8961
7892
7584
4722
3426
4147
545
6611
3240
7382
6458
7399
449
3332
1296
4492
7342
5704
5582
6398
2307
53
3871
644
4385
2633
1398
4018
6935
5816
2925
4247
2059
1508
6321
5484
5654
6865
3094
8893
5246
552
4643
3046
1235
3290
4889
8577
8993
1471
5974
8652
7875
7197
295
611
829
1693
1980
5116
4860
4904
362
6918
3764
6682
3401
6769
1899
3847
4014
4496
1750
8656
7542
2984
2946
782
2560
290
2252
5886
8941
7479
4082
236
5441
4910
8280
7421
7377
4139
3324
7739
2056
7087
2772
2808
2208
4670
6654
6221
166
8403
5876
5059
8739
6173
5840
2298
6463
5444
5535
6403
3922
616
6638
6714
2878
5917
5134
1254
7407
5810
6344
462
1248
116
622
3455
2137
4627
675
2302
1382
3903
7360
1120
1075
1552
769
7537
6995
6304
2292
8268
6919
6281
5981
7148
550
8467
5754
7956
5276
3097
5770
3875
564
6391
4682
2701
8369
2708
5002
750
6610
714
1869
7685
2265
2638
3573
259
8941
3216
5878
4211
497
2858
8711
1046
2324
5464
1
4951
8560
3122
6178
124
6864
1859
2824
6233
4566
5177
6982
8528
5890
8851
7212
5506
2488
8136
3116
8780
2352
8993
3990
2848
203
1052
1245
2526
6515
7597
4829
3427
1719
8358
3550
8582
1216
3725
5814
3133
6253
1148
2660
495
998
7223
6000
837
3711
6468
616
3414
6460
1957
3613
6662
3009
4857
6540
6875
3453
8720
1301
2523
8077
4850
8457
6644
5926
2622
776
3179
3769
788
1025
2118
5362
7024
2954
72
1843
921
837
8303
230
4449
3316
590
305
7207
7464
1110
6926
8765
984
6002
1966
440
3645
5244
414
1773
8422
4182
2560
446
6300
5273
4821
6605
2697
6664
4878
3533
3318
5107
7982
6633
5696
8286
2192
1511
6747
117
1275
7731
6119
593
5522
7115
5836
5935
8887
2609
7469
8798
406
4768
2423
2578
8724
5119
6593
4601
8651
910
7059
7632
4895
1106
4270
7086
2617
8368
7202
1243
7098
1672
8187
972
6139
5022
6906
3377
4982
5374
527
2739
7493
2949
5317
4569
8067
2909
6521
7717
3819
1932
3701
6065
3037
5322
4150
3005
4689
8703
1600
139
7727
786
1110
2217
3160
5367
5593
5493
8093
6119
8232
3937
67
4548
5857
5485
4808
3378
1554
5978
5309
5254
3042
5697
7927
4543
8702
3615
1598
7653
3753
6676
5790
2214
8892
8949
4933
5484
2794
1377
8955
2025
5313
21
3924
2170
2858
8731
2899
4411
5709
8207
7016
6102
2255
5942
1645
8308
556
594
6960
1661
7269
3750
1226
7160
1050
6158
3643
3843
7534
3597
5867
1199
970
7142
3368
3827
4225
3618
8237
933
176
6252
4386
2430
545
3382
1738
1100
3975
8697
112
2243
798
1338
6754
1848
4847
7749
5690
733
8697
8909
1931
666
7050
2650
1844
2274
6267
7432
558
6442
2035
2296
6223
2579
5677
7960
1031
652
5009
1142
246
5806
8831
4352
5005
4678
3100
1695
5410
2796
7955
7340
814
3356
989
2657
2982
4607
7441
3539
8400
475
3186
5622
406
8863
1934
1436
6866
4294
2577
4463
7451
8760
8814
3456
4437
2913
2502
846
3061
1456
5537
3874
4811
3877
3882
7792
5835
2322
8683
5234
149
2868
8207
554
82
7492
1989
6947
2785
1917
8762
7588
1676
8575
2043
6112
8840
1896
4309
2900
3351
7197
6773
5513
2073
8006
1657
7907
1328
1339
1492
1476
1558
699
2029
7992
8190
1369
5938
8327
3285
3051
6914
2313
2626
6308
5776
8817
8203
7437
2716
8905
5633
6840
2769
5058
5845
4425
3964
4524
3115
2808
5999
4673
3506
5379
1016
47
6747
6953
5725
7384
7356
990
7048
981
7297
3823
7149
3851
2259
864
1107
5244
5055
3876
1301
8251
8300
2616
3775
8767
5423
7125
4439
6280
856
2806
6327
4954
7110
3051
689
5465
1393
7736
3797
8689
8911
1945
892
8521
160
8350
4764
5214
3225
6064
1817
8877
6032
2943
8643
2454
7419
1433
8734
8274
4238
3412
1580
2347
3814
2268
5164
5206
1004
8960
2247
7266
1905
3138
6786
2064
8839
8902
4630
416
3317
6446
292
348
6740
6286
2802
5158
5070
8887
1784
6659
3298
3363
6357
7111
5630
2520
669
3985
2480
2915
8602
4384
3404
6388
3799
3242
6289
5780
3657
6957
3225
3948
7305
7316
7585
7458
3474
1006
7344
5257
7664
7993
5971
5021
3455
8952
7540
4123
3937
7371
4389
3538
106
7792
7277
1257
2034
1917
7036
5690
8874
7613
6990
4530
5928
5574
2987
401
6580
7682
3009
2595
4026
6331
7615
4832
6283
3507
8955
7571
8229
4343
2108
8335
3135
6737
591
2520
8653
4978
8209
5878
3590
6198
1407
518
124
1745
7270
4055
426
7631
6649
1803
4961
2616
6635
2243
3474
6589
813
54
8283
273
8388
8769
4361
6330
2288
1365
2308
7849
7243
5897
5046
6001
3766
2521
7746
2036
6575
5523
666
1576
7326
5626
1543
4960
5221
2368
8900
3385
2421
5534
1009
1809
5303
5369
5490
4942
6734
5149
3790
2328
8398
6188
8328
3163
6060
7073
5198
987
3596
3215
2562
1921
6193
1456
4232
2413
3823
4131
3149
6243
664
4158
5403
3318
6878
1893
8260
4611
4393
401
4290
3790
3940
3618
4305
1000
8042
6854
1986
8989
1069
1899
8261
7261
3354
3492
7025
4528
7622
1173
1770
8286
2682
7173
2603
560
6417
8214
2522
8161
8615
6812
303
906
7781
4607
1905
6822
8812
1242
6811
880
3140
6071
5492
3845
6915
868
8372
5536
8393
7494
2173
2074
5666
2128
8985
434
1341
8859
8594
7307
4022
6248
8213
2802
8206
7469
6975
8018
8711
2137
6249
202
5560
2741
4047
3474
3608
770
6361
352
8263
8534
2426
2280
1661
8762
2713
353
5972
8659
5012
993
3258
1576
1146
2464
44
5473
1481
6106
7609
7729
6308
1520
7821
7706
4993
8781
8475
2354
132
7738
8239
8909
7369
899
6023
7434
7603
2994
4444
3614
3987
7701
5189
2484
1164
2585
7956
8996
8690
6565
7725
3349
8084
3897
2054
1429
3677
1529
1134
3809
6618
372
1069
4986
7622
7091
3419
6224
1085
7862
7190
2423
6563
3378
4906
5078
3314
1214
5074
3004
7778
1150
6352
4213
5046
5758
2993
8723
7286
4126
883
2255
4497
8303
7240
3118
6394
8011
6694
4830
6872
4883
4604
1786
5612
6861
6864
8926
8074
289
281
6851
1438
3984
8416
6483
741
2408
3557
5378
3886
1791
7632
8382
1094
5872
8852
4839
4882
6545
668
105
2427
2623
1891
8038
483
6106
7963
8557
6394
5595
3759
5183
579
526
2665
1319
2934
3574
4049
6819
5364
2680
3552
3809
8551
3403
8647
1784
947
6666
8241
725
288
1131
6115
7123
4588
2429
6679
1981
8024
7789
7163
8602
8315
7179
7272
8600
8104
2320
3770
1820
5000
7321
5628
1902
8076
2627
1038
6374
292
278
7099
6932
7760
4213
5054
699
3993
84
2679
3016
7872
7193
8969
7186
2723
7241
6785
1827
6912
1554
3646
263
6227
6625
8517
5302
251
6906
2675
6895
4535
7125
4826
3294
2337
7231
3992
6330
7314
4022
6697
6185
8566
6666
1723
8640
2258
5859
7818
6521
4765
8815
6784
1991
6440
3652
7292
6690
1557
7318
4584
6091
5443
6761
6736
5131
4991
8079
8812
656
452
6509
4193
6369
4174
5915
6008
3783
125
2178
1303
4889
1992
5438
4231
5783
89
8874
3473
7997
7192
5408
2439
3634
521
6526
6116
5511
5604
5928
3519
3407
3436
7711
775
4961
1977
4135
8743
2101
6312
7397
4342
5655
1187
8572
2438
1275
8446
3262
6624
3989
6021
62
7622
6541
6588
4737
404
543
8016
3922
3950
2451
8984
2076
7411
1960
3562
4505
4060
7225
254
8401
3880
1440
5325
3669
66
4770
6930
6689
6110
3950
4103
4731
7843
8042
6819
5598
8584
5835
6871
885
5637
6854
313
1400
8813
3874
3256
1224
2099
3509
6977
5978
4948
3301
646
2366
5422
4927
6406
2531
6228
1508
4613
5070
549
8783
8019
6485
2969
5889
4721
8606
3742
5033
1005
3554
8907
1612
2130
2005
5121
106
5334
7420
758
5979
785
6179
8257
7191
6061
5484
6050
1673
1554
3951
7807
6924
1435
1776
3813
3507
7733
7554
8540
6089
8460
8446
7700
1589
7802
3820
8046
4135
8592
8803
7465
6728
3333
6721
2270
393
556
8320
2065
8461
3270
871
6385
2056
8998
1197
5562
7730
8750
2453
4818
5561
1898
3518
4501
7051
4689
3546
8537
4280
3348
7001
2008
4032
2073
1629
4424
2629
948
3840
2089
1569
2063
8473
976
2060
669
3890
790
6771
6342
2959
683
5592
6476
5184
3642
8517
8729
3179
3796
429
7531
3155
4460
6956
4784
6236
584
3083
1075
24
4652
3137
8497
2979
2549
6517
6868
3338
1639
4210
3648
2322
801
1124
4857
4442
640
1937
4972
1787
8717
855
2294
1529
7810
7077
7764
8393
7511
8838
8416
514
327
5264
3493
2875
133
1360
3564
8123
5569
7211
1444
3721
5686
3652
5515
3677
5589
1486
5464
5305
2340
7757
6833
1149
3185
5596
6893
8047
2786
3661
8561
3112
6276
3053
5986
3760
1764
549
2883
7333
5111
1678
2053
1797
5330
7567
5473
1918
6405
8288
7222
6096
7044
5055
4597
7580
8002
2489
6627
1787
3501
3539
4898
777
3943
1883
4536
5706
8783
4770
1390
4894
6448
3443
4042
129
8361
514
2046
3117
6154
6619
213
4197
25
4809
129
8027
4649
4107
813
8150
4997
5711
8926
8939
4945
1813
5644
2080
3935
7034
4325
1382
7828
8366
7862
4540
6231
907
7657
3384
4877
5221
4933
4902
1029
2413
3928
5677
3871
2092
2178
8867
7802
8455
8805
1099
7620
2800
530
2554
7185
4854
1287
3364
1571
148
7904
5153
7406
3912
8537
3282
6484
1821
8183
7512
1585
462
1540
5455
2554
1070
2673
7707
524
8829
8805
8143
2628
334
1696
7165
2539
2982
1528
1461
3129
6783
6614
7886
8046
3502
2168
5529
5322
7702
1392
4258
8164
2932
712
8069
1353
3384
6775
1876
564
3932
1019
3191
1617
66
7707
4156
400
235
2968
880
4369
581
8766
3415
4082
1933
8943
6755
6986
1335
2012
6149
1618
75
2569
2970
810
344
2197
1373
1627
3215
1916
3243
633
622
4750
1032
7208
7718
1911
2577
8298
1676
5991
732
960
3285
7486
7946
4619
6850
2446
3588
6924
5015
3909
7734
2710
6106
6458
4336
6672
8373
7578
7304
8995
3328
5687
4554
8397
7598
7130
5046
6625
1472
5777
7585
4757
4263
3882
6727
2112
6327
7667
6387
8693
2575
2472
2402
8680
8930
6737
3704
8302
5315
2007
5648
5994
5046
1202
5390
3643
8331
1435
7619
7155
4564
3555
2911
8826
7436
6989
8289
2115
5655
3027
1807
8230
5499
4209
5261
5428
1945
8964
2081
4611
8323
7729
1604
4368
8930
4345
5362
5612
3132
1332
3766
7695
4887
4028
4872
3322
2017
1512
5436
5023
4538
7243
1604
7388
8803
6865
3815
1747
4180
5896
6358
854
1976
5313
2573
1905
658
5286
4868
1141
6618
8634
6187
2504
3661
2058
3177
3029
921
8613
8052
5458
4207
655
3846
1361
4871
5012
3107
6403
8259
6816
7256
1234
3129
7181
490
1138
3466
5358
8630
7435
2343
5816
938
3355
5225
4115
6384
6145
1079
2787
8954
2637
793
1151
3997
5664
3515
4455
3066
2773
2271
7673
1359
2751
5853
1848
1240
6671
4557
7221
5105
6899
4036
6043
1254
6612
7509
4989
3756
5939
5127
1061
5927
5919
2212
923
2582
3078
2729
2999
5850
2351
1672
7208
2453
4876
6408
3692
2546
1964
8264
5003
8863
3299
8397
7468
910
6905
3456
2017
1195
5934
3078
7121
2852
2641
5395
2786
5718
8123
5784
8919
7826
4807
4479
1278
683
1886
2322
580
3849
1585
5582
1063
2236
4978
8530
497
234
337
2514
1428
6270
2943
5900
122
2935
2294
2907
6004
7769
6042
5922
3946
1849
1400
5223
8883
637
4896
462
1838
6481
3396
2900
8716
8373
2430
212
5959
118
77
7386
6388
371
1638
3861
3305
3931
4119
308
51
1160
3582
3996
360
2333
6571
242
2970
2466
7056
4807
8946
1451
7706
6013
7175
7487
3577
4133
7605
1005
8871
2344
1376
1508
6204
4680
2790
7674
2340
2841
8833
5921
4188
193
8253
1758
6786
8574
4224
4841
4380
1521
3643
438
4886
1818
7924
5814
3302
3880
6818
3172
6223
8193
4679
778
1225
7469
8451
916
7661
5636
6836
2848
3180
3440
1958
7317
3014
6181
3158
4745
5053
4152
5182
938
5969
1458
6751
6623
2689
1921
794
6264
7465
5473
7041
8689
1293
3844
6956
8953
6831
2143
152
1010
5583
2109
5678
5948
5641
6187
1692
1694
1339
4226
8983
4659
3035
4086
2281
5723
6006
3075
2986
4470
5899
7379
1511
4543
8574
8466
4495
6404
1609
1998
4765
4543
1459
1442
1490
7099
7629
533
6144
6319
2110
6127
1977
2496
7564
1610
8219
4569
2036
8556
6390
7934
4286
5252
3476
3859
4718
5322
7614
3678
4671
3378
8220
6129
2172
7061
4228
7152
4945
7723
1822
4407
4849
1150
6902
3412
2759
3472
5332
4794
3028
2722
1079
7313
7973
4554
8524
1042
7227
7137
2071
2898
7867
7642
6378
7390
3054
1605
2893
7999
328
4714
757
2528
5863
7658
3292
8622
2130
8623
1767
2509
8696
2846
7173
5021
4751
6696
3414
330
2185
5485
579
1051
4126
6956
5792
7180
5913
8684
3530
3592
4397
4286
6119
7611
2943
6762
4584
2424
6385
6351
2284
3432
6548
457
8452
8650
4504
2866
8979
6688
5702
6909
5090
827
4865
8233
8006
1777
7916
8887
5368
664
4172
8838
8275
4467
6600
3858
6890
1336
1208
6526
4767
5107
6982
1571
4757
8837
1788
2087
3877
7489
8996
6318
5667
2212
5551
2025
1340
4466
1911
6707
5130
6083
3896
1756
1549
1495
5613
5790
2830
4173
3315
4949
279
7648
6519
2387
4837
5658
1826
8713
1498
8173
3382
7164
1384
8932
188
2723
1750
2099
6781
4231
8181
1676
5986
7081
3171
2598
3870
3352
6770
4537
8300
4401
536
3170
6787
5372
8827
5964
2436
1324
5136
5818
5840
6519
3101
6027
6593
4850
8125
4373
6432
4657
6049
3417
89
219
3367
3959
3570
7488
5847
222
2888
6382
3391
7027
2754
570
3990
5189
8245
6478
2006
5084
3996
5107
8463
1589
7308
4939
5961
4740
596
361
5508
684
579
8874
1994
1501
7362
7840
8074
7601
5222
2464
5627
5327
3033
6969
7867
8630
4446
7225
4713
5793
683
4175
7381
7990
114
1694
1081
7061
2054
6589
5096
8985
6462
4442
7837
2175
3281
6910
776
5854
6725
3754
8532
7110
1722
7399
6739
3519
5623
8803
312
6305
1330
5044
2646
7795
4089
3727
5855
3495
1315
8302
831
5128
3743
8667
7303
4376
3928
5430
7581
8004
183
7113
6113
8257
2863
1203
2775
8485
1006
438
3141
2335
5482
5786
1129
6922
6864
4335
1416
8178
3636
2246
1658
4731
8264
8960
106
3191
5389
7686
2195
2923
3150
5659
2179
6012
6862
4954
2848
7867
5391
5988
7553
8224
126
8681
6146
6989
1367
4913
3519
5002
7159
5176
732
6422
2487
7189
6965
5227
3227
6511
8149
6376
3169
1328
3388
1030
3633
3587
6248
6375
575
4800
2951
7052
1832
96
5040
550
2360
5910
2904
518
2085
987
4292
1923
8176
8608
7149
2402
6118
3650
8777
6638
4977
516
5020
5961
4103
2267
3335
2029
4419
6285
6432
3602
3732
2471
4152
6092
5733
7055
3961
5169
8041
5604
7092
4568
5211
2592
6969
8680
6241
4098
3670
8569
1965
8689
5529
6067
8307
8864
5447
1077
6148
2878
2031
7232
2701
6182
4323
8433
1588
5635
4601
6980
2239
44
8900
4801
2636
6868
1833
8876
8317
2854
8445
1282
2542
2325
7348
8200
2188
1147
277
5688
4024
2307
3919
6724
5840
5593
3508
4779
2227
5461
110
1817
5504
9
3970
5491
6877
3154
2719
3545
6007
8515
4826
5900
1839
526
5099
4027
1672
2727
714
3047
5033
1984
7123
8224
4928
1630
4002
4506
4442
4112
3675
946
1472
7644
3788
5700
8149
6506
245
5155
6020
2422
8406
7859
2947
4504
237
1970
7231
7302
2369
615
285
491
6191
5212
8472
7544
7069
3914
7
1743
2211
1479
6738
5998
7178
5886
3504
7422
8392
6875
844
7797
5733
1142
653
5969
464
5235
1622
2832
3201
1906
3322
391
4469
2793
7935
2538
4058
7941
1632
6268
419
8370
3266
7597
2607
4121
3370
1999
1995
1565
7147
5080
2707
7799
8400
3170
1385
1022
3353
4586
279
6674
4976
2100
6818
3910
1989
1876
203
3620
8143
621
2989
8760
5569
5596
1232
8939
4946
579
7855
3092
5658
7913
8243
2409
8434
627
782
2786
2564
1061
459
7540
512
4629
8801
2500
6504
3
3471
2998
624
3812
2758
3544
6759
3989
3482
2704
1919
8689
3147
4928
7601
8741
7337
7035
6720
5470
7172
283
3882
7631
7822
4393
611
7623
6892
7114
4977
1363
1111
5600
2526
1220
144
284
2561
977
2987
4479
7017
3485
407
5618
3226
5095
1004
945
1564
8175
7579
2798
4157
6401
7190
4767
2375
2434
232
7351
1148
7695
1303
3673
8914
7798
3956
8826
6126
4294
1657
4143
7778
8415
7112
2003
1861
8115
299
3424
4641
7878
6221
8798
2630
1763
1916
2356
4196
2148
7058
5343
7194
5712
6367
4459
4509
1322
4285
7987
5615
5941
3129
1744
2707
1240
3747
4567
6706
1397
5342
2346
6626
8915
8495
6607
1677
7763
6314
5872
7262
4372
8566
5455
7435
3284
913
296
4605
2549
8282
7571
5841
2410
314
8547
1001
1412
4113
5058
2809
455
7403
6786
6721
4250
4393
8397
3012
8058
2620
1273
3429
8537
4079
8216
2820
4991
8511
7424
7540
7792
3346
4380
7553
3659
1279
5905
2423
2743
1962
5231
549
6716
368
7269
1965
2112
6665
2328
1170
284
3600
1950
6172
7678
1165
8991
1021
675
4766
5912
5818
8111
7643
4370
122
8921
1274
2544
2664
587
5126
564
7303
5493
7833
267
4957
5497
2595
6126
3133
3546
8075
304
8576
6592
6647
596
7266
2412
3859
4084
7875
2501
5805
7996
8774
4431
1539
8789
5017
4016
352
3319
6860
8184
938
2816
2033
3532
6293
5165
4429
5368
2820
4004
311
466
1951
7576
2878
3161
11
1752
5662
5816
7099
2787
1246
5989
2575
3614
1004
278
6933
7863
5814
7870
1679
7846
8753
7971
1362
4181
1690
4181
5537
2000
1999
4839
6928
2228
8000
4290
1331
2013
7457
8429
4799
6054
2769
4725
668
3772
5002
7600
2634
1815
3821
1664
7012
3573
6987
8373
5105
6028
906
7993
5380
2904
3832
659
2483
2831
4948
3813
2195
3405
593
6993
6810
3361
2717
7477
4484
5070
3428
4469
6885
7248
6133
4896
8172
1471
1621
1629
4850
2526
621
1229
2781
4452
8239
5263
4634
4187
6427
4180
4943
4371
2172
2752
7731
2240
7581
566
7310
2008
5034
2546
6608
2166
4793
5779
988
6413
7407
5838
6290
5380
4418
70
7183
3657
2684
2817
5195
6462
4348
1137
1832
6520
1240
6914
8759
8820
7479
4420
8180
3513
6965
5787
3030
110
8917
4018
3874
7324
7207
1164
3703
2624
7585
1885
3632
7621
2053
8826
5082
6401
962
6914
1272
8554
2179
7382
5725
7010
2802
4904
1522
7118
8042
4551
4579
7959
5920
8453
6282
1478
616
7336
4102
5552
6572
7733
4172
5977
4911
254
729
5872
4519
2000
2777
4049
6733
8502
2058
534
1757
3579
5004
799
5482
582
8757
8753
6386
3390
1231
7001
8077
2684
3553
3000
7768
5076
8976
3678
5329
7056
6902
7199
55
678
2248
6788
6531
4305
4673
5640
5236
7028
6438
8069
4962
3546
7821
2347
4287
6403
6700
715
86
1252
3714
5206
3679
1042
6235
8
8097
4136
4558
5504
2166
6805
643
6048
8462
5315
2687
4697
695
6476
3765
5656
7373
8937
8002
11
6340
5701
725
3777
4304
4439
6334
7983
5480
3569
5342
4576
5056
899
7431
7221
5056
8073
4269
1869
1740
6955
6565
2434
1783
7681
5441
155
4969
4442
166
8660
7495
7242
789
150
2680
7122
5484
5511
8042
8177
7439
4098
76
5869
2318
2483
4942
3938
4351
6681
8245
8267
6466
1027
4299
2906
7533
6619
4699
5050
6279
3193
3292
4419
695
5971
8892
6178
8834
7934
5355
7272
3031
2782
1492
2700
2616
3785
6638
4318
7817
3234
3584
5282
1612
5234
8187
144
2852
3886
5194
6482
4430
8485
1900
5124
2807
1792
2302
8992
7077
5008
4615
7459
7789
6107
1158
7756
7243
5147
3073
6060
5732
4008
2341
7343
241
1528
7487
444
2765
1032
4278
7194
6868
3529
3318
7026
2672
2971
7018
748
7978
2632
5558
4118
6090
4068
2873
4333
214
3297
1392
3298
7304
1084
1640
4896
2611
126
2691
2727
7509
6968
921
5376
7849
4238
754
1520
4560
7771
8620
889
7754
5177
2358
2196
244
5230
3880
6810
8526
5271
1107
4181
3706
2746
76
3669
224
2766
6395
5084
7086
7315
7812
5934
8904
8565
4805
4463
7335
4424
2703
3440
6953
5060
5635
4548
7641
514
2357
4518
3136
815
8698
6842
913
8773
1510
7488
8891
7904
3571
6976
3571
2382
3909
3474
1946
8713
5289
6632
1489
7991
7424
5793
1403
4058
1340
43
1924
1049
4561
5059
8215
4258
252
127
1383
1761
4966
1273
7017
8537
8248
7939
8270
508
2412
7568
6572
5052
2551
8060
1395
974
4852
2797
2384
3544
2839
4307
4592
7399
365
3806
9
617
1285
1391
8729
6250
15
4097
3138
5614
3035
2408
6121
2799
7327
3692
5202
877
104
6596
8203
2307
6744
1586
5850
583
5892
7793
5333
6256
8951
2693
4224
1235
1435
3953
7484
1449
8049
7974
7062
8436
1381
1534
2234
6059
2578
7435
4287
33
2383
3489
2339
126
5074
5541
7060
1965
1685
3393
5573
1635
6085
796
221
7520
2100
5057
6320
7501
4030
4382
6936
2762
3267
6521
8820
5844
2307
4106
5876
4689
7595
5567
2167
1020
2107
226
2985
1143
3618
5909
2778
7055
4056
350
2926
6156
5406
245
2008
435
1978
6295
3196
5245
3815
367
8440
3473
4473
5316
5514
419
1882
7680
1438
1340
7905
1774
8834
8875
5034
8963
6929
90
313
7206
3597
5718
4802
5604
3505
4132
2898
4052
376
4064
1771
6167
7536
6243
2482
4049
4013
1715
2728
2802
406
1633
4576
6592
1507
6961
6554
5787
7050
6866
1344
1646
936
6145
7249
1792
1276
1146
5843
8003
5209
7613
2522
1097
2207
2355
5145
3571
1422
7873
6373
1827
6857
8300
5770
5715
6260
3324
8853
4310
7541
1196
3307
8476
4692
1556
1267
3320
53
4462
8674
2614
426
2195
1062
2633
4550
6206
6203
5971
2430
927
5149
6638
226
1919
704
3838
2594
556
5499
1134
8103
8805
610
1147
7712
8228
4466
5117
1041
4139
5082
1467
3686
6143
1451
8235
700
5005
2557
3130
5932
7705
7119
6157
6975
7823
7346
568
5730
3844
1702
4833
3649
8663
5979
2360
7890
7796
4828
6283
286
909
7749
3971
7051
199
557
7751
5203
3113
8232
2134
1818
6350
5643
8792
2524
3988
6712
8254
7832
8413
1438
8832
8075
7416
8543
4316
3563
4371
1598
3848
5279
6698
7819
682
6896
8375
5784
451
2488
2367
8936
1657
6068
2930
7800
8592
6918
5511
5197
3101
2275
6634
284
1349
2401
8826
3017
5963
4196
1966
810
6827
8664
5980
4860
3911
5355
1643
4361
5194
4009
4297
4202
7428
7226
3001
7019
2495
5864
3215
2947
8138
7200
3230
6839
600
3056
855
6562
4603
2820
7372
2429
8835
1703
7288
3746
7057
6282
8106
602
7642
754
4803
6070
5332
5156
1440
5178
2019
4655
8125
1156
2854
8706
5346
3454
2761
6200
7367
4716
6372
3090
4496
6206
4793
136
951
201
6417
6409
803
5059
4514
2957
8480
845
8112
919
6023
1130
2925
2499
8638
3131
2204
4983
3936
2317
8535
2302
7032
3258
5392
2527
463
1184
2662
7766
1384
6431
2526
8538
8841
7039
2495
8320
5236
1606
238
2258
88
515
2108
6077
3645
4311
8411
7580
6627
7945
881
2010
8554
6272
4537
17
4807
4550
5134
3543
1980
7659
3080
1820
5697
5574
7491
1932
4532
5081
1541
4619
5595
1000
8047
239
5311
7457
7818
289
3754
6050
2299
3307
3322
4187
675
5480
6088
5808
6374
8068
4466
454
7239
7515
3379
3082
6798
7910
8162
5691
880
4756
6690
6278
2346
3000
4735
1163
641
5840
7212
291
146
7885
1829
821
1717
7916
3980
8090
4335
8446
8543
8926
4312
274
3007
2109
5535
2168
7799
3767
4275
2841
1044
6620
3192
5778
5134
3832
8969
3345
1474
115
8582
3302
7287
1298
2218
2266
387
3904
8063
6282
3829
726
3907
6835
2835
441
6354
7985
4207
1628
1825
5251
5599
2369
8380
1732
6200
8349
2429
7674
5815
2010
8327
1453
3307
1544
1070
1045
2800
133
4678
6628
858
8584
1815
1044
6377
8168
6381
7935
7148
5557
1537
3746
7925
7269
2830
2477
6617
5258
7502
783
7267
6828
8587
7925
5724
656
8969
8523
7140
1999
6150
7998
7934
7964
6393
5310
4484
1125
4245
2631
6682
5781
3728
5606
4049
6557
8082
8017
2814
6583
6151
1080
1763
5737
6356
7486
6393
3677
7008
4532
5675
1509
881
4608
6825
4626
7270
2308
5750
2514
4938
3431
5646
6017
6389
7047
3574
5470
3415
6387
405
566
4819
8519
3654
2174
7004
1046
5850
2363
2930
8876
3871
1162
4484
8047
5787
105
1354
2537
8970
3643
3319
5615
660
707
1013
1585
3529
4428
7971
1285
2345
1141
803
5998
667
7806
4396
6516
7520
4677
3744
8742
5838
8227
7789
2625
5683
6494
2513
5652
1137
5831
2266
8148
3890
631
732
7418
5058
6054
6054
7402
7195
6856
1751
7861
3013
3498
2728
1532
8174
6471
1273
5012
3049
6413
4988
8731
3907
7500
5382
5043
1682
5000
4190
5571
5630
2273
1340
1687
8326
7393
6440
6520
5248
5542
2732
5612
40
5460
7143
8213
282
5768
1576
683
3180
6563
413
7086
2414
3147
480
4096
8146
2021
7018
4775
4293
8358
3813
3619
4102
7604
7490
6702
1497
1222
3313
1536
4033
1456
7101
1666
4575
8676
2348
7754
6239
2761
3192
8652
5907
3671
1099
2404
5692
8117
4530
7336
4826
8342
1954
8927
4297
6796
3980
5793
8017
7293
4681
401
6100
2781
2066
1674
2456
1766
6779
6046
4526
7322
3050
7784
1993
4148
1187
5036
616
3068
3371
2793
2409
2677
72
4057
472
4051
7201
5840
2343
2881
6240
5794
5661
5657
4819
5469
7422
2598
8866
299
919
2915
8082
263
4415
6620
2650
5030
7039
6021
7823
6799
6049
7894
1855
6520
296
56
3359
8991
288
6950
5784
3301
3606
7955
8769
8380
7904
5986
8678
6174
8901
5112
6437
1667
83
86
4048
7122
3458
222
4920
506
5467
4127
4377
5763
1534
7735
5753
1821
3036
8888
5121
6642
7842
2241
3373
6745
8227
402
3919
5479
5513
7707
7145
2948
7792
8544
7421
8602
8766
3340
6459
5232
4818
1836
1994
6351
6922
5098
8172
958
4986
1644
4951
1179
3885
8323
7924
3111
8724
194
5941
2589
7900
1437
5536
4043
980
3956
3644
745
4647
7455
5977
465
290
5322
4167
7211
1420
3338
8168
3757
4982
4118
4935
6218
792
1210
6680
516
1403
3620
456
302
2408
5991
4345
3387
7298
5340
1484
296
3794
4812
7112
1435
1133
2279
8646
8904
2968
5165
1012
5301
6635
3299
2518
7426
4508
6549
5293
3263
1168
3100
3564
3575
6442
5260
4314
4739
7952
5797
2387
97
1608
498
1532
92
2776
7529
6348
3096
1045
7359
8396
7679
1657
8266
3457
3517
5814
6101
6779
4334
201
7694
5260
3994
1306
573
8733
6609
3721
2119
6705
2680
8968
5588
2772
2744
1468
119
5839
2513
7477
2586
7543
6486
1851
8351
1002
7665
2804
7780
2998
356
3825
5609
4349
5130
6182
4081
2738
902
3551
6795
3582
3519
734
3705
3614
2202
3823
6804
2066
8651
6741
608
6136
8592
6311
4489
4608
114
620
4957
469
4445
1565
4817
6926
5098
6250
7016
3352
7152
4810
4285
8022
2895
7989
2635
5096
163
6790
4513
8813
4531
2473
3301
1474
8783
5141
3433
8896
5761
5741
364
7557
4657
2532
5482
755
8781
3497
1458
6933
5658
5742
5954
8553
4730
5941
2000
2244
1082
6513
8408
5612
8985
60
4437
6119
5201
5221
3366
1961
1961
1081
517
6618
3612
3350
4724
745
6847
6181
7677
856
274
1982
408
2355
5274
8760
4598
6356
3624
4005
319
960
4065
2108
7078
265
7328
1443
8577
289
2523
6445
4258
3486
794
6333
4230
4992
865
258
3200
1138
8592
959
3492
4865
718
8089
8572
4341
445
8891
5300
1861
8350
729
8477
6677
8523
8053
4317
2045
2849
8574
2883
3643
3258
7112
5986
4122
7370
185
5259
6961
1144
8750
177
8213
5190
8749
3554
5635
5991
6205
4847
5340
4286
4324
368
3808
3376
4685
3205
6225
1610
6087
7219
4868
1550
1556
8989
8919
8093
5248
4231
6588
2349
1760
5800
7539
1508
6705
1525
4850
1262
6371
7541
5547
8046
7908
6706
2422
944
7262
5998
2554
1700
1568
7421
3250
475
4761
520
8567
7360
4751
3506
709
3862
306
5599
5369
7010
4475
7570
5623
8197
6110
8521
7243
2369
6227
7016
3313
1840
1365
3218
3540
2932
7990
4141
758
3750
4660
6677
2110
6762
1182
2818
1623
1487
5768
4343
5849
1242
2912
2471
438
6373
8344
7680
6094
2922
3047
6758
4761
4411
975
8300
7342
6316
3440
5452
1065
5452
3128
3174
3213
4309
3343
2188
3148
110
6530
6348
7703
6794
6170
8141
1518
5513
4172
4963
8434
7219
2720
4195
2629
1046
846
7323
7361
1638
1126
8426
7089
4253
8951
7653
5913
646
840
60
7107
4722
6407
5810
8867
3577
2302
1384
6441
3825
6347
5875
2043
6418
1069
2024
7464
8266
6698
3176
7255
7823
8953
2695
3075
8904
1348
6339
6901
8539
3751
5007
1612
7509
8168
1478
2085
1469
214
5878
5294
6560
2752
4688
3977
1172
6711
8792
437
4408
2968
7692
582
2920
1386
1008
175
85
7347
7075
5976
2097
434
7587
605
8601
6417
42
7422
6630
5919
3715
1541
6022
5754
2869
7193
3465
2661
4981
5224
2980
1024
5806
3251
8762
6813
3426
8846
2511
7852
3173
4607
5637
8112
2564
2590
5528
2605
1011
3157
5875
2077
4697
2896
7830
7565
1088
8646
7577
3420
4870
7908
4444
8027
2159
4205
5839
2936
1402
8350
8139
4575
1308
4776
1038
3871
7365
6565
3827
5727
7073
701
7803
121
948
3984
5037
8387
3630
3614
2807
8499
2521
7250
7525
2031
8806
1715
4966
7559
7416
4105
485
6076
6232
1522
946
1948
8086
4773
7674
3510
2825
3828
3630
3773
7811
8667
3159
2440
632
3317
8290
3152
7918
4166
5183
5075
5881
7500
3634
1648
2604
4118
7723
8835
2992
6021
1782
8429
1793
6807
2939
1969
1634
6568
3093
6797
3586
3604
236
4217
6920
5878
4721
5838
1043
7255
1912
4275
5754
5545
5923
5710
7015
1997
5544
7358
8017
4678
6786
7161
8836
7076
6482
1470
4644
574
8266
5581
4177
5853
798
2097
2730
5518
5286
3773
3772
7197
5399
6877
1094
2321
3586
5460
1670
6482
3817
686
2159
7954
5199
8346
6030
2680
815
8025
605
6432
4605
4782
637
5402
4230
3366
1919
515
4490
3042
7711
889
919
6156
561
4504
2615
2230
8337
3783
268
7847
2737
2818
7193
8766
2849
5359
7790
3453
2791
3394
8234
3427
6148
3463
4144
5418
3977
5986
8460
40
6874
6730
6195
7434
8585
6162
7016
7922
944
4635
6768
3680
7452
4960
797
1300
1319
8586
4752
1461
332
1338
2239
6479
2152
3734
2896
6129
719
8707
3520
7592
6436
714
3378
6021
6875
1393
2294
5171
3379
61
8850
1830
2373
647
481
1043
6584
2584
2503
6915
3921
4741
1745
6073
8474
4641
553
193
4347
4072
5136
8135
2137
8513
5155
6364
7257
7448
2534
1635
4860
8735
816
7232
381
1296
8274
4317
3880
8128
8583
5152
1220
1328
2224
7046
5968
128
4590
7666
4199
725
6800
6336
6590
306
1051
2198
5105
3584
1185
7317
3318
8352
5548
1051
648
2174
5367
1879
7653
4949
7030
8873
6276
6606
6918
595
6733
2507
5613
8284
583
3412
2971
4524
1070
4021
6722
6174
7604
5258
4490
8273
4609
7390
323
2608
6915
3041
4486
5567
7990
8868
2791
2617
3825
708
564
7909
566
6176
7192
7501
587
7514
3024
8008
2534
7097
5182
7489
3354
7023
4114
5315
2764
4436
7922
678
4829
3408
3597
3818
627
6387
3786
1803
4447
4349
711
2364
1524
5255
7216
8463
3768
7592
7470
3654
5688
1003
2142
6394
5378
6255
2708
8141
8043
7981
6171
3871
8740
767
5040
366
4505
6177
8520
6303
1526
231
6019
401
5485
4234
6215
6604
2825
2037
1257
5865
3039
3399
610
5768
7005
669
4909
3399
8649
8431
4621
8389
6549
7012
6106
2053
4189
5626
5708
3066
5856
2726
818
8692
6959
7033
6295
784
69
7552
4000
459
8302
4609
6227
3658
5277
8487
4409
4925
7917
29
1665
5465
4393
7771
7517
8581
4396
1576
8998
7603
4301
815
4646
2260
7847
1940
395
5267
6843
1746
5726
3496
6354
2952
7154
2630
2438
8914
4906
1354
8942
6571
4170
4334
5341
2686
1266
7088
4262
1263
3042
5914
8430
7687
8173
7276
6978
5919
3543
4821
7664
6620
8316
2369
571
3821
4998
360
3734
7256
8065
1028
4826
3234
2713
7518
3271
1331
2957
4884
8945
5998
1798
8374
2036
7322
6650
13
4241
7544
2185
256
5163
7853
2625
3085
2673
4974
3444
3759
3229
8860
4786
5406
3093
4850
3923
6363
6180
4231
2247
6125
1228
1396
2850
615
8717
499
628
3957
5394
164
1565
7908
8016
4189
1992
8041
6514
2787
2799
7095
8998
4936
3500
3090
7137
4775
6805
4317
5
6403
7793
7585
7798
1642
8199
7514
8493
6178
8823
2238
6342
1387
1146
5357
2927
489
4397
440
628
4547
7534
625
6834
8386
3715
4971
4160
7871
287
4164
5273
5431
2748
1422
4424
1947
8935
3916
5476
6109
6154
2817
7495
4651
5526
7773
5139
7274
5565
5766
2821
1450
6391
654