3488
3902
2235
437
1176
2610
2656
643
3953
3215
826
3172
753
2927
356
283
1524
1989
1594
763
3865
1684
3587
829
2699
2855
1839
3552
1218
2200
1362
1058
2101
3597
1846
3628
2206
502
623
2510
3716
1448
1681
820
374
2389
1102
1897
729
3047
3011
593
730
2949
1773
3780
1803
3611
3332
3373
1811
693
430
263
641
2275
3891
2846
2776
513
1707
2843
2312
3388
3662
3037
2128
763
1285
2856
3810
295
3448
891
3243
1221
671
1398
1183
354
770
2993
1046
1199
3608
1687
3825
3850
884
2601
714
2591
1795
3025
2330
1457
2413
457
2571
49
3664
2732
343
3111
3623
3937
331
645
1686
1514
998
2455
858
2395
5
817
433
3830
666
1317
2782
1731
259
576
1107
2940
2384
3519
3748
955
3567
3411
3686
261
2521
3660
550
3204
304
2235
1069
1653
1042
2278
48
1046
3095
480
875
112
2148
8
1843
2406
936
2949
1697
3319
2820
1444
273
2386
854
311
2999
3727
3970
3548
2930
626
1782
350
2278
3175
2627
2325
221
2073
2805
1447
2185
1304
1455
379
3710
2390
3679
1758
2060
2498
3202
2685
1236
407
2995
234
133
3316
3781
3062
3941
1914
3411
2219
1089
2390
895
1661
462
51
3107
2998
1355
913
3728
1416
3654
3407
3173
1714
1904
2726
398
3139
3133
3392
3724
3265
2707
3504
2327
3000
1770
2089
1570
3210
830
2464
870
1292
2515
328
641
221
1241
369
1636
894
127
1160
2607
2030
3886
3004
1521
3018
2747
1596
2282
1806
1452
960
805
3221
3049
2374
2782
230
1189
3651
1521
55
3978
2514
275
1218
2882
1910
2464
3008
3070
1070
1389
2955
426
3261
2324
3172
857
605
1329
2308
1565
2485
1880
965
1210
661
1194
2399
663
3067
2453
640
1580
3080
2210
813
989
673
172
410
2094
1560
3716
2871
1173
2039
2395
2029
2996
3723
688
560
2208
2567
1876
3417
3227
3069
2167
241
2487
972
880
66
51
3441
1230
1039
465
1401
1801
2911
3313
1868
1781
485
3907
175
2865
3254
3898
3552
3813
2457
2470
1688
2225
1696
1108
392
1936
3947
1363
3167
12
1413
2960
1594
2803
3424
2994
955
2686
2306
2823
467
3142
3081
641
2006
2334
890
1909
2498
3346
378
537
1571
2073
1996
2314
360
1942
3676
3879
2306
1440
3190
3899
594
2613
2892
1549
1299
1550
371
2117
1043
3803
2757
3049
2136
3999
957
985
3344
1335
1521
1266
3759
3516
3579
471
1458
3606
701
3763
1045
3890
13
1639
2854
3256
3187
504
805
3909
2620
1848
63
1729
1248
2550
1727
2556
3534
1070
3890
1054
2688
1
921
2266
471
2730
1872
1171
2844
3268
1412
2856
906
265
2112
444
769
3268
704
3388
1115
766
1116
2714
3667
3194
1270
3200
264
1159
605
3303
1511
1878
1568
1981
607
3791
3503
3451
3059
1266
2306
316
1531
417
1112
2299
3685
2167
2038
1151
3285
3506
217
2951
2699
1486
2503
2962
2996
3107
2264
507
984
184
2839
1591
326
2694
1393
3736
3959
3698
404
1489
467
1515
139
503
33
2177
2005
3317
1682
2221
2268
380
3706
770
3694
3054
228
2309
3912
1564
2844
2750
3154
3170
1795
898
2905
1754
947
3308
3594
1413
1174
3733
2267
1207
2261
272
875
3942
2844
3142
673
2550
263
366
1955
843
3027
1866
2406
1870
615
1559
1391
2762
2808
296
515
3754
3955
460
1519
1481
544
3785
2687
2804
408
3561
3097
3252
3055
3770
2153
3669
487
107
511
3865
1972
2916
1735
2938
826
3125
2051
3633
3772
2565
3387
79
3377
1257
1559
3920
1041
245
2724
1801
157
2172
1052
3563
2293
3204
3232
2780
3662
3742
2996
1985
2658
730
1274
3483
207
3325
3468
330
2241
3206
408
1617
462
1966
1537
1854
2562
612
3654
3071
2783
705
2633
1428
260
1864
207
3921
1958
3554
1905
967
284
3179
801
842
2503
268
1523
1095
3473
1931
2712
286
248
600
2140
3162
1211
1793
2232
345
2850
1216
1772
3109
3432
2330
3030
1389
1884
1286
2355
2519
816
3155
3712
3670
3775
1234
765
3599
3516
3476
3885
116
427
2024
3277
1637
168
1860
2333
3017
3427
457
2126
2858
3138
1507
598
1373
3144
2952
243
3960
2459
3954
3981
2585
1540
745
2183
1055
572
2067
1522
998
90
1150
2986
610
3009
1671
3626
2788
2479
2103
1645
1616
3961
2243
3341
3105
1546
3583
3416
356
3889
3396
2940
1428
493
1123
2834
1416
3189
356
2414
3631
1505
1399
592
866
3421
217
3653
1899
2672
1649
3867
2632
3891
3207
2088
1789
2789
1855
2496
2677
1603
1436
456
2447
2910
3290
3862
2450
3997
2275
2080
1501
26
3023
2718
3798
3240
2722
1697
2263
371
1563
1246
613
769
3334
2401
3909
1540
1249
2586
3494
2684
3041
1940
1945
2682
1802
394
2678
428
2826
531
805
1848
3600
603
1439
2322
2299
3701
2692
3861
947
3304
981
632
2057
889
2171
3657
3826
2017
2340
3219
3956
636
1900
2109
1029
930
2537
3854
1812
3341
1702
1411
3943
3140
3732
2593
3193
2775
2805
139
2431
3785
770
839
1026
3292
495
851
1308
3186
69
1616
3821
2321
3724
849
3250
2260
1055
1413
1953
3108
2823
2247
2247
2907
840
1791
1681
3644
1929
463
3781
3050
1301
1158
2342
1795
2008
1
1332
2429
1616
1152
749
1340
2001
350
3951
3407
1762
1903
2514
936
150
1112
3842
1341
2903
1875
1336
831
2337
1116
233
3990
2273
2926
2136
633
2926
3468
3061
894
619
161
2233
2971
862
2183
2377
2975
438
890
262
587
2354
456
2279
1256
2330
3614
2438
1018
730
2670
1359
3354
1595
3495
338
873
2962
3750
1766
3932
3910
350
2903
1123
2884
1631
449
3321
2873
711
259
1226
1166
2537
2833
3495
2151
1270
864
3232
292
2223
2937
2238
2069
3275
3110
1030
3024
1227
961
3286
1576
215
760
812
1846
1209
132
1070
1919
743
2295
3084
3631
1127
2930
2133
2748
145
1364
3039
2367
653
1629
787
3927
738
1816
3302
2317
3129
2939
3892
3343
3699
1055
1540
907
1187
2609
2825
2281
1255
2260
1911
2733
1189
44
1481
1685
1759
871
404
2411
2499
1190
2689
3589
3006
2343
1905
2486
1281
2148
2180
979
3203
3720
1885
741
2680
1061
3021
3935
3320
1283
2667
860
1326
499
2545
3437
1370
2948
2199
3868
137
888
3808
3494
3582
1712
1979
862
3860
159
1841
3414
230
77
154
2909
1490
3526
3195
1161
808
2214
2021
2134
3064
917
1922
433
216
120
653
704
1007
460
198
940
2524
2528
1802
2735
3038
3994
2148
3267
422
2301
2528
1911
1826
2074
3072
2985
639
1444
1118
3703
2712
3039
135
2927
3159
1139
3630
517
1951
179
1457
474
3059
3610
3208
2096
3603
1707
1715
24
359
594
2287
2536
2667
1358
1520
3306
3153
2638
3360
1864
2028
3846
790
1538
985
771
2407
2935
1302
215
3760
360
3824
3319
2807
3778
1025
873
153
1383
1818
2439
3918
837
148
1437
494
3300
426
3853
1163
2454
3698
2304
343
682
3075
2749
3968
728
3315
79
1439
3138
3397
245
3267
421
1470
3420
2155
3287
1858
2072
123
2006
3509
616
1657
286
468
2820
2739
518
1123
3434
1199
549
2534
1519
1276
1849
1949
2714
1338
1346
3311
605
2118
780
24
273
418
2233
2696
893
590
2204
1508
2247
2842
2328
1418
1580
2845
2892
1365
395
3441
3899
2265
716
1747
214
3782
3084
1911
3092
3688
28
223
63
652
640
2648
3348
1532
3589
1903
3392
1835
744
2071
3604
2676
915
2496
40
1661
1936
3938
3926
3003
2036
491
2784
1472
2401
2227
1159
2780
2449
1574
3432
3441
573
3131
1324
161
1033
715
2348
1777
3137
1951
804
51
446
843
2064
2733
1133
1989
1736
3520
2831
519
991
1231
3098
2502
10
1546
75
3793
986
999
2923
2662
1159
3956
3376
3506
2084
2865
1457
3239
3267
2254
81
1330
987
1565
3670
2722
1085
2500
3592
2075
3730
2689
928
92
587
1354
3884
1924
2352
2807
585
3511
3114
313
3016
1549
3177
824
787
2443
3078
1219
3773
416
3136
3442
3489
220
1942
3080
2646
2023
2121
3574
2466
2707
927
2350
630
3631
1508
1567
3141
973
1879
2508
2521
1055
3332
3659
3497
2761
877
3269
3176
364
3063
2664
583
1356
2095
3581
3730
567
3506
2196
3625
784
545
607
414
2404
2173
3906
3376
51
2414
2248
1105
2097
2258
601
857
3486
222
384
3850
3636
3399
784
1343
1493
364
1072
2412
221
3267
2036
1357
163
2642
1770
2566
814
1676
2293
1216
441
892
2320
2537
3149
3273
3393
2635
3846
128
2836
3481
3526
3619
823
1370
335
2246
3781
555
1513
2169
1911
2027
810
33
593
1976
2060
3237
3543
2500
481
1863
1036
3981
1487
780
2967
1684
907
1802
1516
784
1421
2690
2153
1755
935
2286
2661
2447
454
572
826
1615
956
1770
3942
3015
1006
3485
1514
1838
1699
2901
1819
3537
3680
785
1220
938
2587
2735
1721
359
1424
225
2113
2358
2862
773
1157
3667
1696
1982
1282
2651
3751
1575
1665
1108
1411
3530
2946
3461
2430
1116
3349
2461
1900
568
3398
838
3654
1470
1196
1077
2047
3308
3787
908
433
1295
575
2480
3628
2208
1131
3730
134
3147
837
1545
3029
134
1357
1810
1249
706
271
3501
1625
20
338
1279
1842
1886
2707
3888
1545
2493
795
1977
139
1721
457
3766
3928
1939
3495
62
1437
684
1958
817
1169
3314
2627
2770
19
3249
2270
1996
3268
2959
3274
1109
844
1980
996
2389
473
2143
717
611
3863
1525
729
143
3815
223
204
1604
906
2161
2420
2075
1826
1046
844
2197
294
3465
192
3914
2423
3465
1374
3619
1444
2722
2359
2268
864
3075
3231
1078
600
311
1220
766
533
1423
2369
1791
3935
789
217
1761
2186
1412
309
2832
876
500
2745
3650
3964
118
3620
1759
2839
1978
379
54
1053
3961
1132
2004
271
2351
2769
803
126
1138
2945
60
1926
3161
2172
463
924
2480
3294
1799
2979
2038
1801
3294
2508
1420
1405
1698
3750
1783
2104
802
1743
3235
3157
2365
1937
2277
3519
2062
3414
2464
2474
1691
1976
997
2154
2900
3829
1799
1050
2807
189
3202
2453
2696
974
3857
745
723
1991
2848
1876
85
2434
1384
2449
371
3660
1967
2784
3074
782
1609
1116
2758
2606
3621
2009
2434
1420
3058
1592
1608
2612
396
655
3585
604
1399
307
2946
599
2534
3030
3384
3917
1830
3754
3576
149
2890
3001
1282
850
117
391
3455
89
2399
2240
1508
1809
184
3467
420
931
121
4
1535
1872
662
480
2822
3195
3862
2205
3463
2043
2311
3038
2191
1552
2039
3825
2401
2507
215
2208
2947
2614
799
455
422
982
273
841
1913
746
1196
3799
2969
2209
278
1790
1755
491
346
1217
2534
2656
254
1076
207
2644
900
2960
1502
1115
1167
449
3728
1965
1255
501
3299
1527
1693
1563
2624
3240
1361
1592
1448
1990
3381
3202
2481
3727
418
1366
2734
1023
2441
2941
19
3693
2252
1520
807
3418
2320
886
1734
3574
1386
1384
1453
3078
2946
76
2669
658
1668
116
3000
1400
3317
1832
1478
86
3197
212
1108
1989
3504
1478
1681
1755
2998
2487
1524
1669
3724
3257
1243
1109
993
3047
538
3938
3474
3206
948
1493
3673
3947
2893
2989
2130
722
3426
1326
933
886
3666
788
2363
1347
2542
1360
185
417
3381
3909
3674
623
1369
1018
21
1907
1307
3494
1464
2254
987
1137
2552
231
477
681
952
3903
2358
2237
788
2024
3024
3150
3370
1566
862
3906
1982
242
3814
2007
1216
1183
3024
1588
3441
331
1081
1256
2936
2419
2392
1488
2649
2869
2520
3953
3123
878
2189
3910
2901
1212
3411
2622
2777
272
2527
1111
865
2693
3469
2432
3875
2845
19
3667
3175
1100
922
2462
3870
3314
301
2519
2534
2821
2471
1656
50
1011
1917
2950
2222
1327
1571
1351
1951
449
2461
2815
3141
1929
1599
3367
1125
1617
3033
299
3068
3955
3113
2938
3620
3413
1456
2505
2585
278
512
2634
1288
2428
1935
3509
106
3857
1211
2056
306
3671
1223
3446
1952
2821
2813
3076
789
2197
3727
3857
2503
3191
2794
2122
2603
601
978
1540
1230
1489
525
2517
268
2460
2377
374
2316
3588
2781
2621
3610
355
2419
1913
3527
1583
1341
316
3779
1419
172
2634
609
3317
755
3563
3917
2085
1102
1146
3573
1627
14
193
438
2742
566
2753
2681
3698
1726
2643
53
496
555
3579
2078
1895
246
2208
3665
769
841
273
85
1948
3836
353
32
1289
1850
3956
3267
1863
148
3704
957
1065
2809
3637
763
534
2279
1167
1029
3186
745
3458
1432
991
2017
1097
2111
2858
1369
2196
1157
1556
2548
1540
2845
750
1847
2463
2612
2347
2167
3920
3411
1327
3557
525
1860
2187
1691
3240
1372
2788
3049
2804
130
1065
3900
2240
274
1620
435
1782
3176
3335
3321
2372
84
1168
834
3047
3514
3352
2967
3276
678
2875
3801
2889
1413
1491
2480
2785
278
1528
1940
759
2945
2191
2999
3218
3810
3785
1352
2985
3119
672
1708
3554
2191
2894
2953
2056
2245
1919
1332
3275
1145
1132
2515
2557
2974
995
1693
3604
2874
3984
362
1818
2174
3360
1388
1984
3145
2739
1320
2615
3410
3380
2521
1953
2273
1473
8
517
3391
1339
143
887
2822
2658
3795
1796
3652
1840
1751
2877
1823
2464
695
3997
2176
2082
2332
1672
1172
3
286
933
3382
2806
2885
2006
278
2893
2875
20
583
3017
1258
3405
2026
1053
1552
2029
2892
3654
906
1066
2117
1600
1062
292
33
3745
1963
1204
100
2601
2136
3833
1406
1373
1839
2036
617
713
2407
1199
81
17
603
2107
1421
2506
135
664
2159
1040
1729
276
2991
3143
919
3023
2887
2882
578
3338
1482
3066
3171
3239
438
1009
1626
1054
2073
385
2252
2153
753
3207
259
2173
2064
746
2836
223
1785
564
850
776
58
2120
150
3297
1001
728
2634
2834
3793
2156
2425
582
3164
402
1987
1588
786
238
3741
1890
3796
351
62
2212
1096
3249
2434
3233
165
3635
360
222
2106
509
3518
3107
1588
2504
2292
1732
659
1068
2313
175
1470
299
1762
2607
889
1854
497
1036
2557
558
3247
4
3807
2032
3236
323
2018
3595
544
124
456
414
3582
2043
2917
1873
3775
3575
2941
2439
3749
762
3090
1863
3368
330
68
3864
1365
2624
774
964
2628
932
2995
2215
1254
1365
2162
2149
1488
2617
2562
1069
1011
1478
3293
1137
1405
2585
3576
1153
3346
3017
3367
3066
3346
3435
3281
1062
2058
406
2025
1037
1337
1372
3252
2942
2736
1765
1091
575
381
3652
1643
1743
1482
1287
2880
2886
224
2807
390
3921
1823
3757
2986
1520
3543
2267
2581
1600
2672
606
2989
361
2329
2592
3654
1064
356
744
1638
1088
748
3632
2830
2581
1270
2061
1466
1493
1219
2207
1414
3393
2315
751
912
1857
3369
3493
3809
2393
450
2797
2753
3130
1388
2406
193
1743
3502
2182
3182
249
2165
2011
3181
3434
424
646
1279
1642
3204
3044
1035
1519
3794
2298
3375
3515
2142
3183
1907
2591
1979
659
2072
3718
3416
2264
1812
2917
797
993
3517
2961
3004
2697
2747
3779
3694
25
1420
3250
3420
2806
768
3213
1104
142
3079
3245
3677
985
2188
2007
1643
259
1725
1411
2875
3536
679
3671
529
196
2984
3884
3244
1730
14
3290
2106
1433
2539
1525
591
3306
1089
1694
3799
168
938
3827
1504
3125
1834
3147
3736
3910
909
2610
3797
1587
2632
677
2134
1615
560
1730
3696
573
1019
2153
2358
3909
3677
2948
3214
1118
993
3364
1637
1930
3191
3140
1407
1376
2638
1494
1285
3546
103
1433
1485
3086
2110
3618
701
2669
1347
748
3594
2717
2901
2303
2625
2929
1602
2190
398
2594
1906
2034
875
1448
1526
2633
2823
515
126
459
61
580
1891
1897
3666
4000
1866
718
3021
3565
1817
2966
2281
717
1620
1258
3998
3221
3799
395
1814
1704
2781
3040
3151
306
1673
2325
820
2150
3135
1232
3082
1378
3480
2747
1729
1346
3816
1101
910
1632
66
3542
2701
1685
1151
2698
1257
950
3444
3422
2653
2224
2462
2156
2529
486
480
3701
2635
3615
1284
1716
1344
764
814
3072
2109
981
173
3370
2965
238
3263
1665
2275
414
714
3531
1363
157
2953
15
2381
1766
2522
1261
2251
3002
961
1237
2968
2597
2953
663
3360
118
3734
1820
1099
3906
1541
63
496
803
1727
3122
1216
2440
3004
2930
2948
2308
3297
1328
73
1818
2589
2323
1171
3901
3560
490
2849
2864
1152
2208
2981
886
379
79
791
1919
493
1638
3074
2571
759
289
1362
3763
3571
310
2070
2867
1637
2495
684
577
817
1855
830
728
2344
3678
3943
3848
2238
2924
733
2616
3354
1875
887
3847
3513
3960
2417
623
600
3779
737
170
440
2807
3388
2428
1301
72
3005
2469
2278
186
3549
973
3863
3491
820
2452
2766
1552
1420
2472
3427
2306
2318
3291
2617
1086
3913
3568
1216
650
90
1655
3808
3477
83
1460
3900
3439
280
2177
3624
3828
3150
3838
3671
3969
2642
2436
1521
61
907
1299
2718
3576
941
1686
1014
1205
1605
2581
2206
1694
236
2013
1523
670
3824
1422
460
104
3599
435
283
2748
624
3953
3068
3265
2389
940
3677
3647
2238
2394
3223
3530
431
588
735
2036
3168
2940
81
3755
1305
1603
776
1128
3025
1235
1583
2975
2021
1866
2074
2645
1818
1141
2261
558
2081
1938
557
670
683
3779
200
1466
718
1286
3501
3885
225
3581
3640
1881
1184
415
3361
560
2002
943
3534
22
2808
1959
3018
978
3099
1279
1887
1531
3568
2443
2201
602
2573
2752
2419
3290
389
1919
3175
613
1852
2814
2846
3387
3580
2206
3946
1581
3148
3831
1955
2308
1789
972
3285
1239
2602
1171
2770
2521
3614
1322
3475
2538
425
1893
1828
813
164
1002
1777
2015
167
622
1753
98
2827
2050
2031
2327
1880
3985
634
20
1308
270
1258
3910
1792
379
2782
1757
2052
2608
295
2476
501
2122
3288
664
3475
1417
3030
3641
2038
782
90
1217
2831
2120
3543
1062
2104
528
1433
3412
797
3042
3673
2940
3421
2806
697
1472
1414
991
300
1914
3112
3939
2929
2586
1355
2310
2578
3745
3443
2667
961
2273
1139
855
3686
3242
1734
1118
3005
2530
159
3029
1821
3931
1835
2517
1755
3600
3507
2406
1513
2970
2344
793
1907
51
3454
836
3795
2896
3855
1107
1520
993
1961
1557
586
3694
3026
3591
2575
3536
2619
747
3467
805
3264
1573
404
3122
3978
2268
2092
2673
3412
350
2723
2865
1538
2517
2112
1392
3623
3983
2384
1935
1539
2969
1980
564
2911
906
100
1882
1653
3918
2686
916
1842
3442
37
1819
2061
2480
491
1473
3182
3214
689
719
2082
3153
2110
1705
3135
845
3991
1026
165
1971
1941
3076
2876
2040
957
528
2309
3994
1795
150
3787
2184
1968
1848
1015
2811
3672
196
2376
712
914
457
3864
3375
2513
3351
571
2504
376
736
826
2316
163
3701
708
1119
581
3016
1464
2727
3518
1603
910
1837
3450
1925
647
3473
2120
3374
184
3386
3831
400
3112
2695
3750
3683
1550
477
418
2375
3144
580
2076
3851
2050
3008
3219
3865
1734
2736
1467
2644
572
1268
568
1571
1092
3039
944
1276
2776
1126
2027
1888
173
1776
1570
1722
2252
2339
97
1395
3270
2524
1598
1319
1531
816
1535
3264
3903
3354
2259
474
973
3178
2396
2065
2569
3340
3692
1344
817
1718
3231
989
3493
1152
2711
2096
3490
2807
3842
3111
1682
1439
781
3212
2606
2316
2827
2508
1669
1086
3334
2993
615
2081
1057
3183
1420
748
879
2589
2465
109
3929
2309
1613
2639
756
1454
1797
598
565
3478
2388
1345
3041
1346
3660
1868
3853
1680
3305
3538
673
271
1619
2081
3454
3390
2829
684
2330
1645
792
2259
306
2756
1249
1061
210
3398
1658
774
3227
398
2118
2268
1743
2130
487
1947
161
143
1837
1185
413
3455
3266
218
3196
2446
901
1878
442
2045
136
747
800
1384
1808
1009
1133
3817
2134
360
214
604
2627
2308
3085
3465
255
3245
3607
2091
782
19
1897
47
237
1444
2844
1489
3321
3285
3533
3456
384
333
1192
2543
1693
2324
2359
179
2683
2925
782
1661
1232
218
1125
1838
3814
731
280
595
1102
2176
993
1338
3972
188
2826
3292
3473
2711
3100
208
3043
643
2750
1087
3318
1108
1617
2001
384
2398
13
1968
2967
1490
157
2781
2220
437
3727
3673
2964
720
1010
2935
907
188
2579
731
3250
2030
938
2644
2672
39
3730
1989
1499
1347
341
1882
96
354
201
3063
2195
358
2195
766
1146
1921
439
109
2992
1800
3396
3899
2339
1974
981
1588
3
2271
231
3026
2309
3961
1014
3807
1659
1355
2041
2106
2060
2593
1520
606
3302
3714
1371
447
1987
1809
908
978
3609
303
876
1947
2628
2209
3535
2982
479
117
2007
3139
429
3372
3298
2087
1078
1690
545
3489
282
2064
94
3584
1778
1465
30
3764
3273
937
741
3233
1591
1969
1532
218
529
1418
3551
1359
1534
1909
849
1963
1281
146
401
2358
1835
945
2199
2469
3009
2292
2404
1138
3756
2433
1253
3381
3722
2345
2965
1664
665
496
2234
1193
1913
1784
2551
3447
3693
3400
1761
973
3897
2161
3682
2084
3106
1880
552
2466
524
3307
3603
631
2091
855
363
1812
3199
3328
3828
216
3823
2061
1408
2088
3844
311
1886
3536
62
3646
860
3958
2158
894
2393
1263
3125
3296
3728
3648
2602
3682
279
693
536
641
2856
87
320
2683
302
495
743
2061
2582
587
2371
819
474
2784
464
1686
3094
2621
2579
1486
236
1703
782
315
1703
3735
3997
1981
427
884
2973
3635
1322
3645
2317
1975
139
3060
36
3072
3998
2758
3890
823
1894
353
2508
987
3325
1086
2472
3912
2789
3605
579
843
3692
575
3175
470
1810
2147
104
3484
2143
2421
1458
2281
1832
1845
1352
2181
955
1241
3003
2848
1945
1511
3834
1622
2948
2657
1885
1736
2614
2463
2578
2305
3389
2104
3126
1199
603
3230
1034
2745
2002
2491
1378
185
688
2729
2365
1642
322
1719
841
2618
3229
1026
239
2177
34
2124
264
2647
586
3194
1303
3975
1297
429
1525
1899
3658
2558
996
2011
1400
2373
2195
2087
1101
911
80
1774
2629
1272
392
2210
2297
982
738
2331
3105
1353
1329
43
898
2632
369
2547
3412
2245
797
3421
802
1792
1431
2553
164
3977
992
1617
887
1423
3742
3867
2695
133
2076
1343
1467
3165
3673
571
518
1354
965
1767
3985
1685
313
3748
3929
1110
3168
730
3253
950
3635
3769
926
626
1385
2164
2048
1478
2030
742
1963
458
2437
3429