209
3721
623
4946
3998
5331
105
4579
2802
3984
771
3982
1726
5725
5746
5600
2320
4496
5118
1460
3089
726
2422
4737
264
2708
1191
5175
4527
3400
4283
4735
1472
4905
3680
5469
4587
4136
4400
1740
2471
5522
5721
4196
5247
5818
3796
1918
4313
2913
3729
1402
3990
150
490
4253
2857
2032
3780
1735
5431
2062
469
903
1319
4500
723
5905
2635
5474
1645
5457
4996
1717
3653
4594
1887
1448
511
199
4360
4591
1600
2701
4740
2442
954
1948
4473
5085
3682
3904
1146
4502
5158
2816
3001
232
3073
5987
5706
4717
5443
5053
785
3095
3646
2671
4894
4508
3222
3605
3098
5173
306
2189
1614
1611
4136
87
695
1817
4342
2192
318
3851
5360
3670
4082
2432
3656
4139
1500
3450
3191
2284
897
1188
5307
142
5695
2528
3747
3144
2052
4404
5332
3666
366
3467
4104
1060
5635
2445
3603
5952
295
2962
3973
4728
5393
1628
2867
892
5430
409
3528
678
1597
3186
819
1643
65
4565
4787
2116
3320
4118
5781
3685
1585
3884
5096
1219
680
2699
1523
974
12
5495
5702
5757
1475
2920
1000
904
3328
4527
1933
4924
1712
2751
567
2128
1668
5705
4244
4987
3822
4376
2672
5758
2260
2119
1329
3291
5169
2851
4617
5181
2697
4670
4937
4171
1589
288
5426
5268
4815
1358
4192
878
4461
5110
3006
128
4814
1601
5114
2987
5976
2137
2745
2587
4256
4073
5878
3424
1275
4494
2956
4323
3163
2244
2494
5103
2532
2271
4370
1698
3981
2913
2927
2441
2022
5932
2568
1187
1884
2033
4526
1860
4170
1270
4446
2777
5694
4675
552
1320
3168
3508
5642
682
103
2487
5784
2634
5110
4506
4331
3090
1418
1258
5882
3792
1541
2801
4978
3777
4833
3503
5636
3354
5124
4433
482
5169
3108
1034
488
627
4893
130
1661
4995
2968
1444
1629
2077
301
311
5166
1719
1920
5399
5510
3813
2199
4487
1589
1032
2342
1576
4737
1817
360
5219
986
3467
252
1473
4446
5144
1954
106
4138
4922
1901
118
998
2202
781
516
4272
3052
5914
3781
864
2113
2619
2804
3496
5312
4731
2232
1129
5091
1450
2114
2909
1701
3938
1354
1196
5892
1811
5686
4813
4064
155
162
617
935
677
4888
4339
591
2668
5202
3055
5286
2358
550
4598
1088
2781
78
530
4231
2191
3439
283
128
5144
1831
371
1307
1516
5535
5370
2022
5697
5986
3309
725
5225
1647
1667
1892
848
4721
1529
3557
5270
478
4997
2403
555
5526
633
3097
2964
1267
3225
2108
3449
3947
3766
5316
3482
3135
1338
3530
3472
4646
4254
2696
292
5921
4939
1491
4641
467
5048
4263
1297
4396
665
1851
3921
1649
4948
1237
3267
2524
3696
716
470
1461
31
4303
4595
1368
1832
2066
365
86
5113
656
358
4051
2499
5350
4869
1898
3612
165
293
4628
2016
4213
276
1315
5449
3543
3838
3144
4610
4659
4604
4640
2962
3550
8
5145
5967
724
5230
5079
1380
5939
3481
3878
5289
2350
5775
3252
2514
419
1880
4881
4631
2507
195
4432
49
4384
1927
5010
3395
883
3650
708
4432
4009
5852
4751
4732
5082
4181
463
5372
1662
4340
4660
4363
4466
1912
876
4884
3791
109
3867
649
655
2650
698
5391
4576
5707
2785
5810
3708
3492
4594
1716
3343
3344
800
2776
1524
1262
2148
3185
5954
1159
1899
4419
3070
3127
3655
1212
3235
1873
1861
4241
4522
2910
3631
3449
2968
767
3611
1028
4610
2204
3095
1953
5547
3894
5080
1070
5156
1579
4607
5109
2738
857
3879
159
3983
1885
1723
1217
4109
3935
5810
2982
1196
3440
783
4515
4559
4393
5542
3168
596
2989
5472
142
882
4552
1563
389
482
521
5849
3219
1378
4080
3730
5360
5964
5804
929
4073
4090
738
1406
5285
4529
2188
4151
3087
580
4045
255
1175
1033
5726
1668
2266
4629
3583
2655
5111
4103
2503
2681
5832
934
762
5544
898
565
824
5322
5006
1913
1079
4642
441
3267
2793
3880
3846
1189
4486
5021
2221
4563
1040
4486
3192
4622
1492
2654
3077
4347
5334
3260
5280
448
2803
529
1012
3978
202
370
5890
1281
5011
683
4547
1803
4914
2744
3343
3399
2116
5563
1961
3156
4401
5504
2129
244
2157
5205
4590
1843
2465
4222
2290
5619
5102
3653
3949
5304
4022
3838
936
3033
4872
5834
5187
3785
2577
2530
1183
5045
2444
3496
2200
1196
2999
4328
1440
5508
3885
381
1350
701
4954
3639
319
4056
1643
4267
3711
5665
2457
4998
3049
1680
4831
2235
5465
1759
5116
999
803
1560
4494
3354
3107
1845
1682
4546
1352
5918
5279
2701
618
4584
691
936
2639
2333
5555
701
2349
2363
5698
5397
4394
4528
1984
3858
639
1099
5209
1793
3010
4054
5147
117
5898
1180
5014
1249
1097
4644
4301
1714
3228
5343
3001
218
2028
2907
919
4376
5621
616
4125
4015
5496
460
2224
486
1558
1432
2278
4920
5486
1424
5388
5735
2603
4753
1336
4051
3397
5988
5764
976
5331
3117
1193
1710
23
2463
437
5996
3079
4561
4010
2926
5020
585
3411
930
2017
5688
201
1854
1464
5588
1588
4418
4692
2923
2469
2440
3263
2584
3415
2593
5700
4960
4302
75
1422
4738
70
4852
3651
4431
2129
3022
5015
5539
4303
1383
5579
4855
3236
1394
4794
5176
5811
3486
2450
2631
5925
5712
5215
3692
2656
5266
3003
1309
5340
4776
399
5761
3980
4049
4543
108
1422
3910
5999
77
5292
5929
4931
2880
1322
3725
2055
1484
1210
4856
4115
1486
4568
3329
5529
1575
2594
2531
2884
2286
1659
3282
2398
5638
1682
1293
5745
3455
5202
95
3531
4845
23
2462
1724
1696
186
4130
3180
1747
2986
1294
3584
1905
4974
3113
3831
1567
5995
714
4204
1653
3995
954
1642
28
2598
1739
3483
1799
1833
1013
643
2208
3826
2719
3903
4363
848
1082
109
4185
2727
4045
441
1700
1157
4272
3619
1503
4985
2174
3508
3332
3127
5149
3711
76
1239
1193
1874
3072
2558
2869
5631
383
5939
3885
4746
786
4967
5206
5323
2045
3250
5763
3745
4758
4386
1715
261
3723
3888
4120
1406
1367
3268
5116
1442
4859
309
3668
1930
2866
536
1912
3600
474
5796
2345
1611
5114
1903
1285
1159
5152
1400
5255
3910
5785
969
4522
3507
5208
2641
5264
574
260
4380
2368
5118
4688
35
1399
1905
922
3310
5856
1395
3106
2201
3357
2571
4103
4642
3729
3606
393
2983
1515
177
4303
388
4036
3511
3028
3299
4436
3288
1678
803
2405
717
837
3804
2973
1758
1465
2829
3504
4922
5381
861
1493
3835
5854
5221
1792
246
2556
3659
774
1210
4046
5161
4720
1074
2460
3156
4713
4489
4310
1469
5558
5147
5624
2882
1256
1089
5710
4760
10
5442
5972
1854
3628
177
1427
5420
422
4334
3078
1547
5543
1123
708
4615
2548
3519
2122
1612
2359
431
3081
1916
5929
2704
4798
1185
3792
4859
5944
4154
4653
267
7
2280
443
1785
2051
1216
118
5480
2762
5661
955
3821
4627
3502
1339
748
5114
3698
1530
2194
5965
1459
5249
4762
2643
3393
3973
2938
1898
2625
3204
2256
5256
3646
4041
1659
4861
4158
1138
1974
4170
2092
5795
2796
5946
1485
3543
5411
5534
5073
1956
5499
531
1204
4612
3525
4596
2936
462
845
5912
3665
3101
5168
1662
1141
1178
522
5298
2315
2847
3468
4759
2993
263
4704
4478
4158
4114
4363
3582
69
4213
4464
1624
2825
1988
572
112
2449
1416
24
465
4516
5543
2126
5656
720
2647
5306
3386
5845
3125
2144
2838
3739
1199
1667
1896
5664
29
5829
84
4242
4292
1708
1418
279
2631
1529
3079
4046
1552
3543
2914
1094
5668
2569
2165
2666
2226
5551
2511
5350
2046
5700
3441
3245
1366
5688
3260
1394
5517
3344
5987
3808
5403
1756
4087
2033
3637
1517
430
5188
5060
3343
634
4727
264
3150
1745
2489
2700
4255
2191
5098
3954
5983
2694
5671
5670
5953
1064
5186
3296
1403
2994
3050
3510
1432
5434
1146
3300
5864
686
2359
3206
1671
1438
3469
4820
3182
310
1872
1788
2852
969
5741
2834
3662
5411
2503
3966
826
2041
1614
2580
5386
4663
90
1169
4097
1235
4468
4312
2272
827
1517
3942
2264
5338
2762
5797
5999
4633
1584
3202
5953
1676
35
3966
1438
2889
1931
2263
5281
3544
5195
4666
2559
5636
5834
655
1222
4302
4966
3494
5480
834
1435
2095
523
4196
1891
521
3180
3826
4074
3132
5501
4108
1449
938
1349
3380
3552
629
1275
2746
5647
3833
2381
5480
4839
3603
4133
3804
1096
3964
4990
2882
410
5512
1078
2652
385
4609
477
4458
1741
329
2918
3541
1266
4618
920
5170
5246
2195
1915
4892
379
4648
4724
5218
2602
3208
3373
4049
1172
2362
930
1933
2226
2359
4585
2610
968
5061
1419
3060
5390
4336
600
1007
2953
1872
176
2551
4418
2443
1794
4796
1442
869
4013
4043
4077
1386
2443
5600
4099
3724
1532
324
83
116
2933
1050
5529
4704
4461
4918
3391
5060
276
696
931
452
3246
5700
2894
5391
4496
4335
260
2860
2729
4688
4245
5171
4287
2696
2894
170
3019
3328
286
304
4729
166
5007
3189
5435
2397
2601
5710
3092
3883
161
689
3583
3406
80
2078
2092
691
4937
4820
5378
3534
4342
4016
229
1588
4185
3599
4915
4822
3902
3996
4987
3260
1184
4421
9
3784
4131
3100
2019
4643
4141
5601
2049
4572
1678
4492
5262
966
3312
4991
4851
1653
3006
5079
3592
1190
3030
2507
364
931
854
5350
4191
2037
4123
4199
173
2605
1650
2191
1247
142
2143
3647
4713
3820
2139
3974
5137
5802
3316
3988
1806
321
3418
5398
1511
447
2256
1874
1378
3109
1575
5920
5497
5697
4470
21
2301
471
2563
3900
613
4705
1898
5677
2876
4036
4003
2013
4189
1318
6000
5995
1639
3417
5392
3501
4216
1647
5726
5593
5107
1300
5864
4603
1349
4685
4624
4001
5155
1538
2252
119
243
4150
5796
3118
2537
3798
5482
726
5115
5481
720
1105
3250
463
4605
1465
2109
4330
1409
1567
5982
1624
169
1682
308
5144
5682
5814
682
1934
5933
1276
83
80
4745
2971
4229
4227
3696
3343
3707
4415
4800
1308
4877
3404
2772
1337
2086
4532
2903
2419
155
3424
4100
814
2919
4133
628
3600
66
912
5227
500
991
3972
3471
5219
2198
1518
2913
256
285
1712
1564
5513
5468
4687
1202
1553
3571
4104
3971
3725
1879
2422
4891
4798
554
5518
2749
972
429
1976
1471
1771
299
5293
1341
2496
1163
4253
3103
1447
317
5018
959
5784
4057
2160
1688
1627
616
5658
5703
2494
2079
4593
1643
2632
4110
4392
3955
4890
719
5778
1012
1017
5422
2352
3864
584
605
966
2382
1273
5984
3341
1056
4392
5852
2743
18
819
2752
72
3665
5182
4665
5307
2165
3126
4050
120
2368
4768
5897
3379
136
5318
5731
3999
5902
687
4965
2283
1959
5300
5975
3366
3691
179
108
4060
997
2859
4131
5013
2040
3147
4672
4204
625
2721
4323
2992
1841
4571
722
1976
3889
452
5975
3790
1490
5291
424
3448
4942
399
813
2984
929
1272
1043
2277
4482
5525
1290
521
3024
313
5077
3648
3385
3751
639
5225
2674
1712
1553
562
2164
1879
4703
3653
1169
5126
1453
462
5876
2617
3445
804
3889
4487
3081
2370
4363
4722
3243
1386
5034
2671
5033
2770
773
23
1995
3446
1735
3899
4007
4250
5777
2709
2254
1297
2187
3706
1758
2062
675
5202
3218
4563
4040
650
1284
2402
5723
4878
4140
4756
1548
3524
1525
2673
3547
3871
118
5633
2121
4477
4234
1897
1537
487
3545
3723
4545
5302
137
5219
4855
3706
4133
3246
4355
5768
5648
4077
4646
4139
3184
545
1662
5060
3569
5560
3283
3687
5192
5403
2515
3777
1652
4051
4264
5196
2126
3160
4850
2614
2730
3704
319
1214
1302
4673
1333
949
3101
5978
5439
284
875
1100
5695
4443
660
2977
2481
203
2380
4995
3980
4031
3398
2595
3578
5523
106
2427
2488
3187
483
2806
4400
1784
1830
5732
3084
4930
62
2522
5565
936
3973
5611
5730
4632
2588
2211
5187
5319
1557
3518
3701
5306
464
1278
5180
569
4057
1667
3755
4539
4472
2506
674
301
2237
4109
5582
2650
630
5498
3937
4954
5109
3667
3586
2048
229
3124
1366
2137
641
5418
1443
1104
695
622
2024
5103
2289
5778
3993
1112
2635
4666
1765
5223
2774
1698
1873
3755
1196
5809
2709
656
3827
646
3055
4407
3769
4772
544
4761
4189
2338
5864
5235
3311
2239
4338
5599
2368
2330
1063
5002
996
2827
4224
4121
4524
96
2228
71
257
5288
1078
4083
5933
4132
2842
4053
2903
3385
3165
1443
74
3380
678
3384
5618
5015
3335
1985
1344
4397
986
2691
1575
5209
1164
450
5657
3391
873
5913
3030
1950
4347
3314
434
1188
1366
3688
4924
4530
5131
5349
1909
5808
2733
1878
5174
419
3862
517
5167
5199
3560
741
4759
4723
1542
4415
2465
2414
4679
5494
4716
3378
2807
5149
4917
4524
2836
4193
3405
1966
3541
5665
2125
625
1542
1298
1043
5403
2167
209
4953
78
1301
3711
4800
3195
2126
1616
5608
1156
1461
4323
4885
4619
3823
3802
3494
659
1994
898
2976
5534
914
5453
159
2455
750
1553
2209
3268
2114
1161
3345
3414
4871
2496
960
1348
4111
568
2504
5923
5242
1388
4893
3417
5541
2386
4075
1534
3283
1402
1420
4196
854
1930
1002
1956
3482
3210
5223
5595
4722
2568
3361
3593
5415
4320
4940
3878
5239
1795
3800
4833
3535
2693
2249
3427
5078
675
4961
2713
2428
732
1260
3634
2661
2614
5589
494
5823
5163
441
4545
2082
3801
2489
1497
2472
1780
5374
2063
3575
3525
1247
1461
569
3495
4887
5999
4521
4199
2711
1300
5282
4322
4933
2294
935
4521
2788
1110
4036
3228
6
117
1380
2494
1613
4203
4273
1338
265
2199
4863
1511
4011
5431
5357
2898
5429
4229
1448
2491
5529
730
1165
4813
3023
2451
3686
162
3560
1721
3741
3917
1837
5120
410
3450
3323
5035
5139
3939
1585
4001
5802
5596
3784
5510
2845
3564
3739
4292
407
3619
5373
1571
2431
2748
4373
116
2909
1933
1836
650
201
3673
121
611
1474
3795
5997
612
1734
1581
4965
1887
1528
2748
1396
4372
311
5134
3016
717
2752
2388
2639
5535
5135
1012
5650
2396
3296
1838
3045
3496
5862
3165
4458
1687
960
4806
2298
3045
387
1614
4931
1914
4361
678
638
5024
5812
3653
92
2915
392
3083
2449
5879
4446
2451
2274
1741
4640
5670
5588
4501
3186
4398
187
4497
3203
2836
1893
3589
4802
1175
5855
3514
1853
492
2537
1664
4496
2981
4930
5239
415
1731
5117
4860
4533
1742
600
3172
1411
539
2024
4949
4936
2562
3445
2139
5749
5690
79
4550
864
285
2064
2716
1128
4952
4379
5623
2284
3661
4862
2698
5391
4330
1557
4275
72
2508
1446
1834
3399
3821
782
2334
382
4579
4824
130
4268
4903
5032
5131
5539
1447
1847
667
398
577
289
3034
4589
5502
5731
3979
3832
1640
2253
4255
4499
4050
88
1897
1870
1222
4231
2603
5800
3406
2733
4419
2660
2116
3549
2199
3562
5747
2865
4311
676
3505
1344
5264
3007
1427
3595
1190
3066
199
5444
1564
4601
5883
3461
470
1104
2043
3073
1255
5448
157
5673
2460
2272
3574
4658
5833
3320
1522
4495
4347
5378
5839
3611
2736
1265
1557
3925
4682
1755
3720
245
355
3955
4057
1177
5058
451
4601
665
251
4757
337
2710
1380
3910
1367
1212
1582
3240
5706
280
2617
5896
4242
5353
1512
5798
3629
193
1905
1701
790
2611
5655
5198
4139
5064
5649
2739
5728
5899
1495
65
2960
2874
4326
4326
4437
259
1565
4495
539
4533
4742
4780
4237
254
4930
1866
446
1186
3566
1587
3796
3572
785
1935
2635
785
5025
2715
1035
520
3131
3994
3745
1808
2319
2534
2067
4235
1028
2957
3119
5769
2088
1356
374
1017
3221
820
2202
1138
2758
350
4709
3894
2636
1695
4678
1660
4409
64
2531
1891
4057
276
3699
727
3161
5765
4961
4188
3073
2080
4308
5160
3435
4682
529
1007
5853
3082
2496
2962
3431
1204
856
418
3250
5885
2078
2011
5949
4960
3901
4005
5587
1599
4732
2747
1715
4044
1286
4787
475
5594
4299
4261
4627
4827
5267
4479
1908
1762
1440
5691
3317
2647
108
919
2532
2537
2929
2480
1497
1181
836
1083
3132
5567
3830
5198
3963
5115
4337
4437
5060
2635
2698
3686
1461
2316
2516
3368
4430
4308
3058
1746
954
3166
3016
3837
54
296
316
1550
1477
1152
2985
4960
1070
814
4157
5032
280
2493
3821
5692
5127
870
3729
939
3185
245
4307
1614
4904
1716
3712
5857
5233
727
4046
5287
1023
4713
1188
2851
5864
4172
2162
1286
5337
318
669
5969
3163
4489
5660
2641
5710
3388
3580
2895
3984
2238
4860
2887
4305
2571
3096
3538
3650
1141
3176
5024
5853
4363
2226
69
2887
4387
1706
2223
5056
2726
2543
2218
1567
2554
4859
1276
294
2790
4170
4277
5027
3382
1516
3683
304
4963
1220
3953
103
4747
3328
307
3462
5905
727
348
4291
2784
2922
3347
5510
5817
5916
1076
2370
5126
2351
2663
1915
873
940
1293
4254
2807
4976
4557
1769
547
2862
2223
5646
541
2529
3107
446
3608
3806
5088
743
1079
2786
252
895
2702
1679
3265
2179
4382
5927
4446
5254
1218
5738
3859
4024
5065
2767
5792
5964
5980
2366
5609
521
4895
3067
1318
2854
872
405
3596
2302
3543
4200
3197
244
5878
813
2774
4259
739
1219
3864
2309
957
1722
684
373
4841
828
336
4820
3193
296
5692
2439
3714
1009
5292
4585
1766
3240
1239
5308
1439
4435
5903
1668
5247
2676
5927
337
4247
4142
2997
5203
216
3681
5927
5056
4508
615
4227
1700
1262
3919
4139
4976
5279
3782
3912
1396
1373
5150
1055
2811
3584
1309
4831
3182
4337
5109
3871
2583
3250
867
2137
3465
4547
2063
2872
3406
3029
1099
5458
4291
5369
3948
3266
4999
1729
1177
747
3454
327
1801
264
4262
3462
5446
1444
1798
4554
5314
4732
1804
180
868
5620
5079
3282
2844
2484
311
4294
1941
4601
3662
5888
2218
3012
1969
3394
3758
5422
4072
5911
37
2334
3372
5483
3777
5521
4388
3442
4252
543
3973
5119
163
3051
2400
3358
5887
3062
1651
2179
2014
5664
2067
4231
2675
4387
1625
785
4160
5696
695
4548
2381
4418
4030
509
3938
2770
3950
2541
3312
2275
1659
3826
5677
4410
1183
5563
1472
2833
1742
3485
2848
4160
2068
5875
2898
3692
659
1057
3739
1705
5604
472
474
3986
980
4763
755
5282
1303
4066
1908
2961
1892
1584
1722
3426
1147
3545
611
3240
1382
3458
1399
3449
3332
4296
1492
4342
5704
5582
398
5307
53
871
3644
1385
5633
4398
1018
935
2816
2925
4247
5059
4508
321
2484
5654
3865
3094
2893
5246
552
4643
3046
4235
3290
4889
2577
2993
4471
2974
2652
4875
4197
295
611
3829
4693
1980
5116
1860
4904
3362
918
3764
3682
3401
3769
1899
847
1014
1496
1750
5656
4542
5984
2946
3782
2560
290
2252
5886
2941
1479
4082
3236
2441
1910
2280
4421
1377
4139
3324
4739
5056
1087
2772
2808
5208
4670
3654
221
166
5403
5876
5059
5739
3173
2840
2298
3463
5444
2535
403
922
616
3638
3714
2878
5917
2134
4254
4407
5810
3344
3462
1248
116
622
455
5137
4627
675
5302
4382
903
4360
4120
4075
1552
769
1537
995
3304
2292
2268
3919
281
5981
1148
550
2467
5754
4956
2276
3097
2770
3875
3564
3391
4682
2701
2369
5708
2002
750
610
714
4869
4685
2265
5638
573
3259
2941
3216
5878
1211
3497
5858
2711
4046
2324
2464
3001
4951
5560
122
3178
3124
3864
1859
5824
233
1566
2177
982
2528
2890
5851
1212
5506
5488
2136
3116
2780
5352
2993
3990
2848
3203
1052
1245
5526
3515
4597
4829
3427
4719
2358
550
2582
4216
725
2814
133
3253
4148
2660
495
3998
4223
6000
3837
711
3468
616
414
460
4957
3613
3662
9
4857
3540
3875
3453
2720
1301
2523
5077
1850
5457
3644
2926
2622
3776
179
769
788
1025
5118
5362
1024
2954
72
4843
3921
837
5303
3230
4449
3316
3590
3305
1207
1464
1110
3926
2765
3984
3002
4966
3440
645
2244
414
4773
2422
1182
5560
3446
300
5273
4821
3605
5697
3664
1878
533
3318
5107
4982
633
2696
2286
2192
4511
3747
117
1275
1731
3119
593
5522
4115
2836
5935
2887
5609
1469
2798
3406
1768
2423
2578
5724
2119
593
1601
2651
3910
1059
1632
4895
4106
4270
1086
2617
2368
1202
4243
4098
4672
5187
3972
3139
2022
3906
377
1982
5374
3527
5739
1493
5949
2317
1569
2067
2909
3521
4717
819
4932
701
65
3037
5322
1150
5
1689
2703
4600
139
1727
3786
4110
5217
160
2367
5593
2493
2093
3119
2232
3937
3067
4548
5857
5485
1808
3378
4554
2978
2309
5254
3042
5697
4927
4543
5702
615
1598
4653
753
3676
2790
5214
2892
2949
1933
2484
5794
4377
5955
2025
2313
3021
924
2170
2858
2731
5899
1411
5709
2207
1016
3102
2255
5942
1645
2308
556
3594
960
1661
1269
3750
1226
4160
1050
3158
643
843
1534
597
2867
4199
3970
4142
368
827
1225
618
2237
933
3176
3252
4386
5430
3545
382
1738
4100
3975
2697
112
5243
798
1338
3754
1848
4847
4749
2690
733
5697
5909
4931
3666
4050
5650
4844
5274
267
1432
558
3442
5035
5296
3223
2579
5677
4960
1031
3652
2009
1142
3246
2806
2831
1352
5005
1678
100
1695
2410
5796
1955
1340
3814
356
989
2657
5982
1607
4441
539
5400
3475
186
2622
406
5863
1934
1436
3866
4294
2577
1463
1451
5760
2814
456
1437
2913
2502
3846
3061
4456
5537
874
4811
877
3882
4792
2835
2322
5683
2234
149
5868
5207
554
82
1492
1989
3947
5785
4917
5762
1588
4676
2575
2043
112
5840
4896
4309
2900
3351
4197
3773
2513
5073
2006
1657
1907
4328
1339
4492
4476
1558
3699
5029
1992
5190
1369
5938
5327
285
51
914
5313
2626
3308
5776
2817
2203
4437
5716
5905
2633
3840
2769
2058
5845
4425
3964
4524
115
2808
2999
1673
506
2379
4016
47
3747
3953
5725
4384
4356
990
4048
981
4297
3823
4149
851
2259
3864
1107
5244
2055
3876
1301
2251
2300
5616
775
2767
2423
4125
4439
3280
856
2806
3327
4954
1110
3051
3689
5465
4393
1736
797
2689
5911
4945
3892
2521
3160
5350
1764
5214
3225
3064
1817
5877
3032
2943
2643
5454
1419
1433
2734
2274
4238
412
1580
5347
3814
5268
5164
2206
1004
5960
5247
1266
4905
3138
3786
2064
2839
5902
1630
416
3317
3446
292
348
740
3286
5802
2158
5070
2887
4784
3659
3298
363
3357
1111
5630
2520
3669
985
2480
2915
2602
1384
404
388
3799
3242
289
5780
3657
3957
3225
3948
4305
4316
1585
4458
474
1006
1344
5257
4664
4993
5971
2021
455
5952
4540
4123
937
1371
1389
3538
3106
1792
4277
1257
5034
4917
1036
2690
2874
4613
990
1530
2928
2574
5987
3401
3580
1682
3009
2595
1026
3331
4615
1832
3283
3507
5955
4571
5229
1343
2108
2335
3135
737
3591
2520
5653
4978
5209
2878
3590
198
4407
518
3124
4745
4270
1055
426
1631
3649
1803
4961
2616
3635
2243
474
3589
813
54
5283
3273
2388
2769
4361
330
5288
4365
5308
4849
1243
2897
5046
1
3766
2521
4746
2036
3575
5523
3666
1576
1326
2626
4543
4960
5221
5368
2900
385
5421
2534
4009
1809
5303
2369
2490
4942
734
2149
3790
2328
5398
3188
2328
3163
60
1073
5198
3987
596
3215
5562
1921
193
4456
1232
5413
3823
4131
149
3243
664
4158
5403
318
878
1893
5260
1611
4393
3401
4290
3790
940
618
1305
1000
2042
854
4986
2989
4069
4899
5261
4261
3354
492
4025
1528
4622
4173
4770
5286
2682
4173
5603
3560
417
5214
5522
5161
2615
3812
3303
3906
4781
4607
4905
822
5812
4242
3811
3880
3140
3071
2492
845
3915
868
2372
2536
5393
1494
2173
2074
5666
2128
5985
434
1341
5859
5594
4307
4022
3248
2213
2802
2206
1469
3975
2018
5711
2137
249
3202
5560
2741
4047
3474
3608
770
361
3352
2263
2534
5426
2280
4661
5762
2713
353
5972
2659
5012
3993
258
1576
1146
2464
3044
5473
4481
3106
1609
4729
308
1520
1821
4706
4993
5781
5475
5354
3132
1738
2239
2909
4369
899
3023
1434
1603
2994
4444
614
987
4701
2189
2484
1164
5585
1956
5996
2690
3565
4725
3349
5084
897
2054
4429
677
1529
4134
3809
3618
372
1069
1986
1622
4091
3419
3224
1085
1862
4190
2423
563
378
4906
2078
314
1214
2074
3004
4778
1150
352
4213
2046
2758
2993
2723
4286
1126
883
2255
1497
2303
4240
3118
394
2011
694
1830
3872
4883
4604
4786
5612
3861
864
5926
5074
3289
3281
3851
4438
3984
2416
483
741
5408
3557
5378
886
4791
1632
2382
1094
5872
5852
1839
1882
545
3668
105
5427
2623
4891
5038
483
106
4963
5557
3394
2595
3759
2183
579
526
2665
1319
5934
574
1049
819
5364
2680
3552
809
2551
3403
2647
4784
3947
666
5241
3725
3288
4131
3115
4123
4588
2429
3679
1981
5024
1789
4163
5602
2315
1179
1272
2600
2104
2320
3770
1820
5000
1321
2628
1902
5076
5627
1038
3374
292
278
1099
3932
4760
4213
2054
3699
993
84
5679
16
1872
4193
5969
4186
5723
1241
785
1827
3912
4554
3646
3263
227
625
5517
5302
251
906
2675
895
1535
4125
4826
294
2337
1231
3992
3330
1314
4022
3697
3185
2566
3666
1723
2640
5258
2859
4818
3521
1765
2815
784
1991
3440
652
1292
3690
1557
4318
4584
3091
2443
3761
3736
5131
4991
2079
2812
656
452
509
4193
3369
4174
5915
8
3783
3125
5178
1303
4889
1992
2438
1231
5783
3089
2874
3473
4997
1192
2408
2439
3634
521
526
3116
5511
2604
5928
519
3407
436
4711
775
4961
4977
1135
2743
2101
312
4397
1342
2655
1187
2572
2438
4275
5446
262
3624
989
3021
62
4622
3541
588
1737
3404
3543
2016
3922
950
2451
2984
2076
1411
1960
3562
4505
4060
4225
3254
5401
880
4440
2325
3669
3066
1770
3930
689
3110
950
1103
1731
4843
2042
3819
2598
5584
5835
871
885
2637
3854
3313
4400
5813
874
3256
4224
5099
509
3977
5978
4948
301
3646
2366
2422
1927
3406
5531
3228
4508
1613
2070
549
5783
5019
485
5969
5889
1721
2606
3742
5033
1005
3554
5907
4612
2130
5005
5121
106
5334
4420
758
2979
785
3179
5257
4191
3061
2484
3050
4673
4554
3951
4807
3924
4435
4776
3813
507
1733
1554
5540
3089
5460
5446
1700
1589
4802
820
2046
4135
5592
2803
1465
728
333
721
5270
3393
3556
2320
2065
2461
270
871
385
5056
5998
4197
5562
1730
5750
5453
4818
5561
4898
518
1501
4051
1689
3546
2537
1280
348
4001
2008
1032
5073
1629
4424
2629
3948
840
5089
4569
2063
5473
3976
2060
3669
3890
3790
3771
3342
2959
3683
2592
3476
5184
642
5517
2729
3179
796
3429
1531
3155
4460
956
4784
3236
3584
3083
4075
3024
1652
137
2497
5979
2549
517
3868
338
4639
1210
3648
2322
3801
1124
1857
4442
640
4937
1972
1787
2717
3855
5294
1529
4810
4077
4764
2393
1511
2838
5416
3514
3327
2264
3493
5875
3133
1360
564
2123
2569
4211
4444
721
5686
652
5515
677
5589
1486
2464
2305
5340
1757
3833
4149
185
2596
893
2047
5786
661
5561
3112
3276
3053
2986
760
4764
3549
2883
1333
2111
1678
2053
1797
2330
1567
2473
1918
3405
5288
4222
3096
1044
2055
1597
1580
5002
2489
3627
4787
3501
3539
1898
777
943
4883
1536
5706
2783
4770
1390
4894
448
3443
1042
3129
5361
3514
5046
3117
3154
3619
213
4197
25
1809
129
5027
4649
4107
3813
2150
1997
5711
2926
2939
4945
4813
2644
2080
3935
4034
1325
4382
1828
2366
1862
1540
231
907
4657
3384
4877
5221
1933
4902
1029
2413
3928
5677
871
2092
2178
2867
1802
5455
5805
1099
4620
2800
3530
2554
1185
4854
1287
3364
1571
3148
4904
2153
4406
3912
5537
3282
3484
1821
2183
4512
4585
462
4540
5455
2554
1070
2673
4707
524
2829
5805
5143
5628
3334
1696
1165
2539
2982
4528
4461
129
3783
614
4886
2046
502
2168
5529
2322
4702
4392
1258
5164
2932
712
2069
4353
3384
775
4876
564
932
4019
191
4617
66
1707
1156
3400
235
5968
3880
4369
581
2766
415
1082
4933
5943
3755
3986
4335
5012
3149
1618
75
5569
5970
3810
344
5197
4373
1627
3215
4916
243
3633
622
1750
1032
1208
1718
4911
5577
2298
1676
5991
3732
960
285
1486
4946
4619
850
2446
588
924
2015
909
4734
2710
106
3458
4336
3672
2373
4578
1304
2995
328
2687
4554
2397
1598
4130
5046
3625
4472
2777
4585
4757
4263
3882
3727
5112
327
4667
387
2693
5575
5472
5402
5680
2930
3737
3704
5302
2315
5007
2648
2994
2046
1202
5390
3643
5331
4435
1619
4155
1564
555
2911
5826
4436
989
5289
5115
5655
27
1807
5230
5499
1209
5261
2428
4945
2964
2081
1611
2323
4729
4604
4368
5930
4345
2362
5612
3132
4332
3766
4695
4887
1028
4872
3322
2017
4512
2436
2023
4538
4243
1604
4388
5803
865
815
4747
4180
2896
358
854
1976
5313
5573
1905
3658
2286
1868
1141
618
5634
187
5504
661
5058
3177
3029
3921
5613
5052
2458
4207
655
846
4361
1871
2012
3107
403
5259
3816
1256
1234
3129
1181
3490
1138
3466
5358
2630
4435
5343
2816
3938
355
2225
1115
3384
145
1079
2787
2954
5637
3793
4151
3997
5664
515
1455
66
5773
5271
1673
1359
2751
2853
4848
4240
671
4557
1221
5105
3899
4036
3043
4254
612
4509
1989
756
5939
5127
4061
5927
2919
2212
3923
2582
3078
5729
2999
2850
5351
4672
4208
2453
1876
3408
692
2546
1964
2264
2003
5863
299
5397
4468
910
3905
456
2017
4195
5934
78
4121
2852
2641
2395
5786
5718
2123
2784
2919
1826
1807
1479
4278
3683
4886
5322
580
849
1585
2582
1063
2236
1978
5530
3497
234
337
5514
4428
270
5943
2900
3122
2935
5294
2907
3004
1769
42
5922
3946
1849
1400
2223
5883
637
1896
462
1838
3481
3396
2900
5716
5373
2430
3212
5959
3118
3077
4386
3388
3371
1638
861
305
931
4119
3308
3051
4160
3582
996
360
5333
3571
242
5970
5466
1056
1807
2946
4451
4706
3013
4175
1487
577
4133
4605
4005
2871
2344
1376
4508
3204
1680
5790
1674
5340
2841
5833
2921
4188
193
2253
1758
786
2574
1224
1841
4380
4521
643
3438
1886
4818
4924
2814
3302
3880
818
172
223
2193
4679
3778
4225
4469
5451
3916
1661
5636
836
5848
180
3440
1958
1317
14
3181
3158
4745
2053
4152
2182
3938
2969
1458
751
623
5689
1921
794
264
4465
5473
4041
2689
4293
3844
956
5953
3831
2143
152
4010
5583
2109
5678
5948
5641
3187
4692
1694
1339
1226
5983
4659
3035
1086
5281
2723
3006
75
2986
1470
5899
1379
4511
4543
5574
5466
4495
3404
1609
4998
1765
1543
1459
1442
1490
1099
4629
533
3144
319
2110
3127
4977
5496
4564
4610
2219
1569
5036
5556
3390
4934
1286
2252
3476
859
1718
2322
4614
3678
1671
378
5220
3129
2172
1061
4228
1152
1945
1723
1822
4407
4849
1150
3902
3412
5759
472
5332
4794
28
2722
4079
1313
4973
1554
2524
1042
4227
1137
5071
5898
1867
4642
3378
4390
54
1605
5893
1999
3328
1714
757
2528
2863
4658
292
2622
5130
5623
1767
5509
2696
5846
1173
2021
1751
3696
3414
330
5185
2485
579
1051
1126
3956
5792
1180
5913
5684
3530
3592
1397
4286
119
4611
2943
762
1584
2424
385
3351
2284
3432
3548
3457
5452
5650
1504
2866
5979
688
5702
909
2090
827
4865
2233
2006
4777
1916
5887
2368
3664
4172
2838
2275
1467
3600
3858
3890
4336
1208
526
1767
5107
3982
1571
4757
5837
4788
5087
877
4489
5996
3318
5667
5212
5551
2025
4340
1466
1911
707
5130
83
3896
1756
1549
1495
5613
5790
5830
1173
315
1949
279
4648
3519
5387
4837
2658
4826
5713
1498
5173
3382
1164
4384
2932
3188
2723
4750
5099
3781
4231
5181
1676
5986
1081
3171
5598
870
3352
770
1537
5300
1401
536
3170
787
5372
5827
5964
5436
1324
5136
2818
2840
3519
101
27
593
4850
5125
4373
3432
4657
49
3417
89
3219
3367
959
570
4488
2847
222
5888
3382
3391
1027
2754
3570
990
2189
5245
478
5006
2084
3996
5107
2463
4589
4308
1939
2961
1740
596
3361
5508
684
579
2874
1994
1501
1362
4840
2074
1601
2222
5464
2627
5327
3033
3969
1867
2630
4446
1225
4713
2793
683
1175
1381
4990
3114
4694
1081
4061
2054
589
5096
2985
3462
1442
4837
5175
281
910
776
2854
725
3754
2532
4110
1722
4399
739
519
5623
5803
3312
305
1330
5044
5646
4795
4089
727
2855
495
1315
2302
3831
5128
3743
2667
4303
4376
3928
5430
1581
5004
3183
4113
3113
5257
2863
4203
5775
2485
4006
3438
3141
5335
2482
2786
4129
922
3864
1335
1416
5178
3636
5246
4658
1731
2264
2960
106
191
2389
1686
5195
5923
150
2659
5179
3012
862
4954
5848
4867
2391
2988
4553
5224
126
2681
146
3989
4367
1913
3519
2002
1159
2176
3732
3422
5487
4189
3965
2227
227
3511
2149
376
169
1328
3388
1030
633
3587
248
3375
575
4800
2951
1052
1832
3096
5040
550
5360
2910
2904
518
5085
987
4292
4923
5176
2608
1149
5402
118
3650
5777
638
4977
3516
2020
5961
1103
2267
3335
2029
1419
285
3432
3602
3732
2471
4152
3092
5733
1055
3961
5169
2041
2604
4092
1568
5211
5592
969
5680
3241
1098
670
2569
4965
2689
2529
67
5307
5864
2447
1077
148
5878
5031
4232
2701
3182
1323
2433
4588
5635
1601
980
2239
44
2900
1801
5636
3868
1833
2876
5317
2854
5445
4282
5542
2325
4348
5200
2188
1147
277
2688
1024
5307
919
3724
2840
2593
508
1779
2227
2461
3110
4817
2504
9
970
2491
3877
3154
5719
3545
7
5515
1826
5900
1839
526
5099
4027
1672
5727
714
3047
5033
1984
1123
2224
4928
1630
4002
1506
4442
1112
675
946
1472
1644
3788
5700
5149
3506
3245
5155
3020
5422
5406
4859
5947
4504
3237
1970
4231
4302
5369
3615
285
491
191
5212
2472
4544
1069
914
7
1743
2211
1479
3738
5998
1178
2886
3504
4422
2392
875
3844
1797
5733
4142
653
2969
464
5235
1622
5832
3201
1906
322
3391
1469
2793
1935
2538
4058
1941
4632
268
3419
2370
266
4597
5607
4121
3370
1999
4995
1565
4147
5080
5707
4799
2400
170
4385
4022
353
1586
279
674