4209
3721
3623
1946
6998
2331
5105
579
4802
5984
2771
6982
2726
5725
5746
6600
4320
3496
4118
4460
1089
4726
6422
5737
3264
3708
5191
2175
3527
2400
5283
735
3472
1905
2680
3469
1587
5136
1400
3740
1471
1522
3721
4196
247
6818
3796
1918
3313
913
3729
4402
2990
3150
490
6253
6857
3032
5780
735
5431
4062
1469
1903
3319
1500
2723
4905
6635
1474
1645
5457
2996
2717
2653
594
6887
6448
2511
3199
360
3591
600
701
6740
5442
6954
3948
1473
3085
4682
6904
146
3502
6158
816
5001
6232
3073
1987
706
4717
443
1053
4785
3095
1646
4671
6894
1508
5222
4605
5098
3173
5306
2189
1614
2611
6136
3087
5695
3817
342
3192
318
3851
1360
2670
3082
4432
4656
1139
6500
2450
2191
4284
2897
1188
6307
142
2695
4528
4747
5144
5052
404
332
6666
366
6467
104
6060
635
445
6603
952
4295
962
973
4728
5393
5628
5867
4892
5430
5409
6528
5678
6597
3186
5819
6643
5065
3565
4787
3116
1320
5118
2781
1685
4585
2884
5096
5219
680
4699
3523
4974
3012
4495
2702
5757
475
5920
1000
5904
4328
527
1933
3924
3712
751
3567
6128
1668
5705
2244
2987
3822
2376
4672
5758
5260
119
1329
3291
2169
4851
5617
5181
6697
5670
3937
171
4589
2288
3426
6268
2815
5358
3192
3878
3461
4110
3006
5128
2814
2601
1114
3987
4976
3137
2745
587
3256
4073
3878
5424
6275
2494
956
3323
1163
2244
3494
3103
4532
4271
2370
4698
6981
2913
5927
3441
22
1932
1568
187
1884
33
1526
6860
3170
4270
446
3777
5694
1675
6552
2320
4168
508
5642
2682
103
6487
5784
4634
1110
5506
2331
1090
1418
1258
1882
5792
541
801
5978
6777
833
503
6636
1354
2124
4433
2482
5169
6108
2034
488
627
6893
6130
661
6995
2968
6444
4629
4077
2301
4311
5166
3719
2920
4399
2510
813
5199
1487
589
6032
6342
4576
4737
5817
6360
219
3986
5467
2252
4473
3446
2144
954
4106
2138
3922
901
4118
998
3202
5781
3516
4272
6052
914
6781
6864
6113
5619
4804
2496
2312
6731
232
1129
6091
450
5114
1909
2701
6938
5354
2196
892
6811
1686
4813
5064
3155
3162
5617
1935
6677
2888
5339
591
2668
5202
4055
1286
358
6550
3598
88
6781
2078
3530
231
191
5439
283
128
1144
6831
5371
5307
1516
535
3370
2022
3697
1986
1309
725
2225
6647
5667
4892
4848
2721
3529
2557
2270
4478
6997
6403
6555
3526
6633
4097
1964
4267
4225
3108
1449
6947
5766
316
482
2135
2338
1530
1472
3646
2254
3696
3292
921
5939
5491
3641
2467
1048
3263
4297
5396
2665
3851
1921
6649
948
1237
1267
2524
1696
2716
2470
461
3031
303
2595
5368
1832
4066
6365
4086
5113
2656
2358
4051
5499
3350
3869
3898
6612
1165
2293
6628
5016
4213
6276
3315
5449
543
5838
144
610
5659
604
3640
5962
550
2008
5145
1967
5724
2230
79
1380
1939
1481
6878
5289
5350
3775
2252
6514
3419
1880
1881
631
5507
5195
3432
6049
1384
927
4010
4395
5883
650
708
6432
9
5852
5751
5732
1082
3181
4463
372
4662
4340
5660
363
5466
912
6876
1884
2791
6109
6867
5649
1655
650
4698
391
1576
1707
4785
4810
6708
5492
1594
6716
4343
344
2800
2776
3524
262
3148
1185
1954
6159
5899
419
70
3127
6655
212
2235
3873
5861
1241
4522
910
1631
3449
6968
3767
5611
4028
6610
204
1095
3953
547
3894
4080
4070
4156
4579
2607
6109
3738
5857
3879
1159
1983
885
5723
4217
2109
1935
2810
3982
196
4440
4783
4515
5559
3393
1542
5168
3596
6989
6472
4142
3882
3552
5563
5389
5482
5521
1849
2219
4378
3080
730
6360
3964
3804
929
6073
3090
3738
406
3285
5529
5188
5151
4087
1580
4045
2255
5175
4033
1726
6668
5266
2629
2583
3655
1111
1103
5503
681
2832
5934
5762
6544
2898
2565
4824
6322
3006
5913
4079
3642
4441
2267
1793
5880
3846
3189
5486
2021
221
4563
6040
5486
192
1622
6492
5654
77
2347
6334
260
1280
2448
6803
1529
5012
1978
5202
5370
890
2281
2011
2683
4547
3803
5914
5744
4343
4399
5116
4563
1961
4156
401
6504
3129
4244
5157
3205
6590
1843
3465
5222
4290
619
4102
6653
6949
2304
5022
838
1936
33
872
3834
1187
6785
2577
5530
4183
5045
444
3496
2200
5196
2999
5328
2440
5508
5885
6381
350
6701
1954
4639
319
6056
1643
267
5711
6665
5457
4998
4049
3680
1831
5235
3465
1759
1116
4999
6803
1560
1494
6354
4107
1845
4682
6546
352
918
3279
701
618
2584
2691
936
1639
4333
5555
4701
1349
1363
2698
5397
2394
4528
984
5858
3639
2099
1209
793
1010
54
147
5117
1898
2180
2014
2249
3097
2644
301
3714
5228
343
2001
4218
2028
4907
1919
3376
3621
4616
6125
6015
6496
4460
2224
486
6558
3432
1278
4920
3486
1424
388
2735
3603
6753
2336
4051
2397
6988
764
4976
331
117
2193
6710
5023
1463
437
5996
6079
6561
5010
2926
4020
4585
3411
930
1017
4688
3201
1854
3464
3588
4588
4418
692
6923
1469
440
4263
6584
5415
4593
6700
4960
4302
2075
6422
4738
1070
2852
1651
3431
3129
3022
1015
6539
1303
6383
1579
1855
1236
2394
2794
3176
6811
3486
450
5631
3925
4712
5215
6692
6656
2266
2003
1309
4340
5776
3399
2761
5980
5049
3543
2108
5422
1910
5999
4077
1292
4929
5931
6880
322
1725
3055
4484
5210
856
3115
6486
5568
1329
3529
2575
3594
5531
3884
5286
1659
282
5398
638
2682
6293
2745
5455
1202
6095
2531
6845
4023
1462
6724
1696
3186
130
6180
5747
986
2294
2584
3905
974
6113
3831
4567
1995
714
204
3653
995
2954
1642
1028
6598
1739
6483
799
833
2013
643
2208
826
4719
3903
1363
4848
3082
109
3185
2727
45
4441
3700
6157
1272
5619
5503
1985
3174
6508
332
6127
1149
5711
3076
239
5193
3874
1072
4558
1869
631
5383
3939
1885
6746
1786
4967
4206
2323
5045
4250
6763
1745
758
5386
4715
6261
4723
888
3120
2406
4367
4268
1116
442
1859
6309
1668
2930
3866
3536
912
6600
474
2796
6345
6611
5114
903
6285
3159
5152
3400
2255
5910
1785
6969
2522
6507
5208
5641
6264
2574
260
380
368
2118
6688
2035
2399
905
2922
3310
4856
3395
6106
4201
357
1571
5103
6642
4729
606
393
6983
6515
2177
4303
6388
6036
2511
5028
5299
2436
5288
5678
2803
405
2717
4837
2804
973
758
3465
5829
1504
6922
381
1861
1493
2835
5854
6221
792
6246
3556
4659
5774
5210
4046
2161
720
2074
460
3156
4713
3489
3310
2469
3558
1147
2624
1882
6256
6089
710
760
6010
5442
6972
4854
5628
3177
1427
6420
2422
2334
4078
5547
543
1123
708
5615
548
5519
6122
2612
6359
2431
5081
2916
929
704
4798
185
6792
2859
944
3154
5653
5267
1007
4280
1443
6785
1051
1216
2118
2480
6762
2661
955
4821
5627
1502
3339
4748
4114
2698
4530
2194
2965
5459
249
762
5643
4393
973
3938
4898
6625
2204
3256
1256
3646
3041
6659
4861
5158
2138
1974
5170
3092
6795
3796
1946
485
1543
3411
534
6073
2956
3499
4531
3204
1612
525
596
6936
4462
2845
3912
6665
6101
5168
662
2141
2178
5522
298
4315
4847
5468
4759
1993
2263
6704
2478
1158
3114
363
4582
6069
1213
6464
6624
2825
6988
4572
112
4449
416
4024
1465
6516
6543
2126
1656
1720
647
6306
3386
2845
2125
1144
4838
1739
5199
4667
2896
5664
5029
4829
2084
6242
4292
1708
6418
4279
3631
6529
6079
4046
3552
543
914
3094
2668
2569
2165
666
6226
5551
3511
1350
4046
5700
441
2245
3366
688
5260
1394
5517
344
4987
2808
6403
1756
87
3033
5637
3517
4430
2188
4060
5343
2634
6727
5264
2150
4745
4489
700
1255
3191
2098
6954
983
1694
671
1670
6953
2064
186
296
4403
2994
4050
3510
432
4434
2146
1300
1864
1686
5359
206
1671
2438
5469
3820
182
310
1872
5788
852
3969
5741
1834
5662
6411
3503
2966
5826
1041
614
580
1386
4663
4090
6169
2097
6235
468
1312
5272
5827
1517
6942
1264
4338
3762
5797
1999
5633
4584
202
6953
676
2035
2966
4438
2889
5931
3263
1281
6544
1195
2666
1559
2636
1834
3655
6222
2302
4966
4494
5480
3834
4435
4095
5523
1196
2891
521
4180
4826
5074
4132
5501
108
4449
2938
349
3380
3552
1629
275
4746
1647
1833
381
3480
2839
6603
3133
804
4096
5964
1990
5882
410
512
78
652
5385
1609
5477
3458
5741
1329
918
541
4266
5618
3920
5170
246
4195
2915
1892
3379
648
2724
6218
4602
3208
4373
6049
2172
6362
4930
6933
4226
2359
585
2610
3968
6061
3419
60
390
4336
600
2007
2953
1872
176
551
3418
443
6794
6796
5442
6869
6013
3043
3077
3386
6443
2600
99
1724
2532
4324
4083
3116
6933
1050
6529
704
5461
6918
2391
6060
6276
2696
931
6452
3246
1700
6894
391
1496
5335
260
4860
5729
688
1245
5171
3287
5696
6894
3170
3019
1328
6286
304
6729
3166
1007
5189
435
3397
1601
6710
6092
6883
6161
6689
1583
3406
80
3078
6092
4691
937
4820
5378
6534
342
6016
5229
4588
2185
5599
5915
5822
5902
2996
1987
4260
1184
2421
5009
2784
2131
4100
19
5643
1141
1601
2049
5572
4678
5492
3262
2966
3312
5991
6851
3653
5006
5079
5592
190
1030
4507
3364
6931
4854
5350
4191
6037
5123
2199
6173
4605
3650
6191
3247
2142
5143
2647
713
2820
1139
3974
3137
1802
316
2988
2806
5321
5418
1398
5511
6447
3256
1874
6378
1109
4575
920
4497
2697
470
1021
301
1471
4563
900
3613
2705
898
1677
2876
2036
3003
6013
1189
3318
2000
3995
1639
417
5392
4501
4216
1647
3726
3593
107
1300
1864
4603
1349
6685
5624
6001
1155
538
4252
2119
3243
5150
3796
6118
4537
6798
2482
5726
3115
4481
2720
2105
2250
5463
6605
6465
109
3330
409
4567
1982
6624
2169
682
6308
5144
6682
4814
5682
3934
6933
6276
2083
1080
2745
3971
5229
5227
2696
1343
2707
5415
800
2308
3877
404
1772
1337
1086
6532
5903
419
6155
5424
1100
2814
919
5133
628
6600
2066
4912
3227
1500
5991
5972
5471
4219
4198
5518
2913
4256
1285
3712
6564
2513
1468
5687
1202
2553
2571
104
2971
1725
2879
1422
1891
3798
6554
2518
749
5972
429
3976
471
3771
299
3293
5341
4496
6163
1253
6103
447
2317
3018
2959
3784
6057
4160
3688
1627
1616
6658
703
4494
1079
2593
5643
632
5110
6392
3955
2890
719
1778
4012
1017
2422
2352
2864
1584
3605
1966
6382
3273
4984
2341
56
1392
3852
3743
3018
2819
752
1072
4665
6182
3665
3307
4165
6126
50
1120
6368
768
2897
3379
6136
5318
5731
1999
6902
6687
3965
6283
2959
6300
5975
366
691
179
4108
1060
2997
4859
2131
5013
4040
3147
5672
1204
6625
5721
2323
5992
3841
2571
6722
2976
889
5452
4975
790
2490
6291
4424
5448
2942
3399
5813
984
929
272
2043
1277
2482
1525
6290
6521
2024
2313
5077
1648
5385
4751
639
2225
4674
4712
2553
5562
3164
4879
3703
5653
4169
1126
1453
4462
1876
4617
5445
2804
4889
487
4081
370
6363
722
4243
1386
3034
6671
3033
5770
1773
1023
995
6446
5735
899
5007
6250
5777
1709
2254
297
187
3706
4758
2062
5675
3202
2218
3563
1040
3650
1284
402
1723
2878
6140
4756
2548
6524
3525
1673
547
1871
1118
3633
121
3477
234
5897
2537
2487
3545
2723
3545
1302
2137
2219
1855
1706
3133
246
5355
1768
648
77
4646
4139
2184
4545
3662
3060
3569
1560
2283
4687
5192
2403
5515
2777
5652
1051
5264
2196
1126
6160
850
614
5730
2704
2319
6214
302
673
5333
949
5101
2978
2439
284
4875
6100
695
1443
660
2977
3481
3203
5380
1995
5980
4031
398
1595
3578
1523
5106
4427
6488
1187
4483
1806
400
4784
6830
5732
3084
4930
6062
5522
2565
3936
1973
611
2730
2632
3588
6211
3187
6319
5557
6518
701
3306
5464
4278
2180
3569
6057
1667
4755
3539
3472
2506
5674
3301
1237
6109
5582
4650
4630
5498
5937
3954
6109
1667
6586
48
5229
124
6366
1137
6641
4418
4443
5104
1695
6622
6024
5103
1289
3778
5993
2112
3635
4666
2765
2223
3774
5698
6873
5755
4196
5809
2709
656
4827
6646
5055
407
6769
1772
1544
3761
6189
3338
1864
5235
311
5239
3338
1599
6368
2330
1063
3002
6996
3827
5224
1121
2524
5096
4228
4071
1257
4288
2078
6083
3933
132
3842
1053
1903
5385
2165
5443
6074
1380
3678
6384
6618
15
5335
5985
2344
6397
1986
6691
575
209
5164
450
2657
2391
1873
3913
4030
3950
347
5314
1434
4188
6366
688
6924
1530
6131
3349
2909
2808
2733
6878
174
5419
5862
2517
2167
5199
6560
2741
2759
4723
542
5415
4465
2414
6679
1494
3716
4378
6807
5149
5917
3524
5836
3193
2405
4966
6541
2665
5125
6625
2542
5298
5043
1403
5167
209
3953
2078
301
6711
6800
5195
5126
1616
608
2156
461
4323
3885
4619
6823
2802
5494
5659
5994
898
976
5534
914
3453
5159
3455
1750
553
2209
4268
5114
6161
6345
5414
5871
3496
960
1348
5111
1568
3504
2923
3242
388
4893
417
541
3386
6075
6534
4283
4402
2420
5196
854
4930
6002
6956
5482
1210
4223
3595
4722
3568
6361
3593
4415
320
4940
6878
6239
5795
2800
6833
3535
693
249
1427
4078
3675
961
5713
5428
732
1260
3634
5661
4614
3589
1494
5823
5163
2441
3545
6082
1801
4489
3497
6472
6780
3374
3063
5575
3525
247
6461
1569
495
887
2999
1521
6199
1711
4300
4282
322
933
294
4935
4521
1788
1110
36
4228
2006
6117
3380
6494
2613
203
6273
3338
3265
2199
6863
3511
6011
1431
1357
6898
4429
229
3448
3491
4529
730
1165
2813
1023
3451
4686
162
4560
4721
1741
3917
3837
5120
3410
6450
5323
35
139
5939
6585
1
6802
5596
5784
5510
2845
564
5739
6292
1407
619
4373
2571
3431
2748
3373
1116
2909
933
5836
4650
2201
2673
121
5611
6474
2795
2997
6612
1734
2581
3965
5887
5528
2748
4396
1372
3311
3134
5016
4717
3752
2388
4639
4535
5135
1012
5650
5396
6296
1838
3045
1496
1862
3165
4458
5687
5960
4806
5298
5045
387
6614
3931
5914
2361
5678
4638
3024
1812
2653
5092
2915
2392
83
449
4879
5446
3451
3274
4741
2640
3670
3588
4501
4186
5398
3187
497
3203
5836
2893
3589
2802
4175
6855
2514
2853
4492
5537
4664
4496
981
4930
4239
5415
2731
2117
3860
3533
2742
1600
6172
6411
2539
1024
949
936
1562
1445
4139
4749
1690
5079
550
5864
2285
3064
1716
4128
5952
6379
1623
4284
1661
5862
2698
4391
5330
6557
5275
1072
5508
4446
4834
5399
2821
5782
6334
4382
4579
824
2130
6268
5903
32
5131
5539
447
6847
2667
6398
3577
4289
1034
2589
502
3731
6979
5832
640
5253
4255
3499
50
2088
1897
2870
5222
1231
4603
2800
6406
6733
6419
2660
4116
4549
1199
4562
1747
3865
1311
2676
5505
2344
5264
6007
3427
2595
2190
4066
5199
6444
564
2601
5883
2461
5470
4104
1043
3073
4255
448
157
3673
460
4272
5574
1658
1833
320
5522
495
347
1378
2839
5611
4736
6265
5557
6925
682
3755
3720
1245
6355
6955
1057
2177
4058
6451
2601
5665
4251
2757
2337
4710
4380
910
6367
6212
5582
2240
6706
3280
3617
6896
6242
1353
3512
4798
5629
4193
5905
6701
2790
2611
6655
1198
2139
1064
649
4739
6728
4899
495
2065
6960
4874
326
6326
1437
3259
1565
5495
6539
2533
2742
5780
1237
6254
930
6866
3446
4186
6566
3587
6796
3572
4785
1935
4635
2785
4025
1715
5035
4520
1131
4994
6745
5808
4319
5534
2067
3235
4028
5957
3119
6769
2088
4356
3374
3017
4221
6820
202
1138
758
4350
4709
2894
3636
6695
5678
660
1409
1064
2531
6891
6057
2276
5699
727
5161
765
3961
2188
4073
80
6308
6160
4435
2682
6529
6007
6853
4082
4496
4962
1431
2204
856
2418
6250
3885
3078
5011
4949
2960
4901
4005
2587
3599
4732
747
1715
6044
286
5787
3475
6594
2299
5261
6627
1827
4267
6479
5908
1762
4440
4691
1317
2647
108
4919
6532
537
2929
4480
3497
5181
5836
6083
6132
3567
6830
5198
6963
115
1337
3437
4060
3635
1698
3686
5461
3316
516
4368
2430
2308
2058
3746
4954
2166
6016
1837
54
6296
6316
3550
4477
5152
6985
960
6070
6814
6157
6032
4280
493
6821
5692
4127
5870
6729
6939
2185
245
4307
4614
6904
3716
5712
4857
3233
4727
4046
3287
4023
713
4188
5851
5864
4172
4162
2286
1337
3318
5669
2969
1163
5489
1660
2641
1710
1388
2580
3895
5984
4238
5860
5887
5305
4571
1096
1538
6650
5141
2176
1024
5853
6363
4226
2069
887
1387
1706
2223
2056
4726
2543
3218
567
1554
5859
2276
294
5790
6170
6277
3027
2382
2516
5683
4304
963
220
3953
6103
6747
2328
2307
3462
3905
1727
4348
5291
784
3922
347
5510
3817
916
6076
5370
4126
1351
5663
2915
4873
4940
3293
254
4807
1976
4557
5769
6547
5862
2223
3646
5541
4529
107
2446
3608
1806
5088
1743
3079
2786
252
6895
3702
3679
5265
5179
2382
3927
5446
254
6218
1738
4859
4024
1065
6767
2792
4964
2980
2366
1609
1521
6895
6067
1318
854
872
6405
2596
1302
6543
200
1197
3244
3878
3813
5774
6259
739
4219
3864
4309
5957
1722
5684
4373
5841
5828
2336
1820
1193
1296
692
5439
4714
2009
6292
5585
5766
6240
4239
5308
6439
5435
5903
668
2247
4676
6927
337
6247
1142
1997
5203
216
681
6927
6056
6508
6615
5227
700
5262
5919
6139
2976
5279
2782
5912
1396
6373
3150
4055
5811
1584
309
3831
1182
2337
1109
5871
1583
2250
867
4137
2465
1547
4063
5872
5406
1029
4099
3458
6291
369
6948
2266
2999
2729
1177
1747
6454
4327
5801
5264
3262
3462
6446
4444
5798
554
3314
4732
2804
4180
1868
2620
3079
3282
5844
1484
4311
294
4941
3601
662
4888
3218
1012
4969
4394
2758
4422
6072
5911
37
2334
2372
6483
6777
5521
4388
442
3252
4543
1973
5119
163
5051
1400
3358
3887
3062
3651
6179
4014
1664
4067
231
2675
6387
4625
2785
1160
3696
1695
5548
3381
1418
5030
509
6938
6770
950
541
4312
275
5659
1826
2677
4410
5183
6563
472
1833
5742
4485
848
160
2068
875
3898
6692
3659
5057
739
2705
3604
1472
1474
5986
1980
5763
5755
282
6303
3066
4908
4961
4892
584
6722
426
147
4545
6611
3240
6382
458
3399
1449
1332
296
5492
2342
2704
3582
2398
6307
5053
3871
2644
4385
2633
1398
2018
1935
1816
6925
4247
4059
508
1321
4484
654
5865
4094
3893
5246
4552
4643
4046
3235
2290
6889
5577
4993
3471
974
1652
5875
2197
4295
611
4829
5693
6980
4116
4860
6904
1362
1918
4764
2682
6401
2769
5899
847
4014
1496
2750
1656
5542
5984
3946
2782
4560
6290
6252
2886
941
2479
5082
5236
441
2910
1280
421
4377
6139
324
5739
1056
5087
5772
4808
5208
4670
5654
2221
6166
1403
3876
2059
4739
5173
4840
2298
4463
1444
2535
5403
3922
616
3638
1714
878
4917
2134
5254
1407
6810
1344
2462
2248
116
4622
455
2137
627
2675
1302
6382
3903
3360
4120
2075
5552
3769
6537
6995
6304
2292
1268
6919
3281
2981
5148
5550
2467
754
6956
2276
2097
6770
1875
6564
4391
6682
1701
2369
6708
3002
1750
3610
3714
5869
5685
2265
2638
2573
2259
1941
2216
878
6211
5497
3858
1711
4046
6324
2464
4001
5951
4560
1122
5178
4124
2864
4859
5824
5233
4566
6177
6982
5528
2890
5851
4212
2506
1488
4136
2116
780
6352
2993
6990
4848
4203
6052
6245
3526
1515
597
6829
3427
1719
2358
550
4582
216
3725
2814
2133
253
148
660
495
5998
2223
3000
4837
3711
2468
5616
414
5460
2957
2613
2662
2009
1857
3540
875
2453
720
4301
1523
3077
4850
3457
644
5926
3622
2776
6179
3769
788
4025
118
362
24
4954
4072
6843
921
1837
5303
1230
4449
5316
590
6305
6207
1464
6110
6926
5765
4984
3002
966
1440
3645
4244
2414
3773
3422
6182
4560
446
6300
2273
4821
1605
3697
4664
6878
5533
318
1107
2982
5633
1696
2286
2192
511
5747
2117
6275
3731
5119
4593
2522
6115
1836
4935
2887
2609
1469
4798
406
768
4423
2578
6724
1119
4593
6601
6651
4910
5059
2632
895
4106
2270
3086
4617
5368
5202
1243
2098
672
3187
1972
4139
5022
6906
4377
4982
1374
6527
2739
6493
3949
5317
3569
5067
2909
521
4717
819
2932
4701
6065
37
4322
2150
2005
2689
4703
600
2139
2727
3786
4110
4217
6160
1367
1593
1493
93
1119
4232
3937
5067
2548
4857
485
2808
5378
2554
978
1309
254
42
5697
1927
6543
702
4615
1598
5653
6753
1676
6790
1214
5892
5949
6933
484
4794
4377
5955
2025
1313
4021
1924
6170
1858
4731
1899
4411
5709
3207
2016
3102
6255
3942
2645
4308
1556
1594
2960
5661
3269
2750
4226
2160
6050
4158
2643
3843
1534
1597
5867
199
2970
5142
6368
4827
225
5618
2237
5933
6176
4252
6386
5430
5545
6382
2738
100
975
5697
3112
4243
5798
338
3754
4848
1847
3749
1690
733
2697
4909
931
5666
3050
4650
844
3274
3267
432
6558
2442
2035
3296
5223
579
2677
960
5031
3652
4009
1142
5246
2806
5831
6352
5005
678
3100
6695
1410
5796
1955
2340
1814
2356
6989
2657
2982
607
441
2539
400
2475
3186
5622
406
5863
3934
5436
6866
5294
6577
2463
5451
2760
1814
3456
3437
4913
502
4846
1061
2456
4537
2874
4811
1877
2882
792
6835
3322
683
234
3149
3868
3207
3554
82
4492
1989
6947
2785
5917
6762
5588
1676
1575
2043
5112
3840
6896
309
4900
2351
2197
773
4513
4073
1006
2657
3907
4328
3339
1492
476
4558
4699
4029
1992
2190
3369
1938
2327
2285
6051
914
1313
626
308
3776
1817
203
1437
6716
6905
3633
4840
1769
5058
5845
4425
1964
524
5115
808
999
2673
5506
2379
2016
5047
5747
3953
4725
5384
356
2990
4048
981
3297
823
149
851
2259
6864
5107
3244
2055
6876
1301
5251
4300
616
5775
6767
1423
4125
2439
4280
3856
1806
2327
6954
3110
51
2689
3465
393
6736
1797
3689
4911
1945
1892
4521
6160
4350
764
1214
4225
2064
3817
5877
32
6943
5643
1454
1419
5433
5734
5274
238
5412
2580
3347
2814
5268
4164
3206
5004
5960
4247
266
905
6138
4786
64
839
2902
5630
2416
2317
2446
1292
2348
6740
4286
3802
1158
70
6887
3784
4659
5298
6363
5357
1111
4630
2520
1669
6985
1480
5915
4602
2384
2404
2388
6799
3242
5289
2780
5657
4957
5225
6948
305
2316
1585
1458
3474
6006
1344
257
3664
3993
3971
2021
2455
5952
4540
4123
5937
3371
389
3538
3106
2792
3277
257
6034
5917
3036
4690
3874
5613
1990
1530
928
3574
2987
4401
2580
1682
2009
3595
3026
3331
5615
2832
2283
507
6955
5571
1229
343
2108
4335
3135
2737
4591
6520
1653
4978
4209
2878
3590
6198
4407
4518
124
4745
6270
55
6426
5631
3649
6803
1961
6616
2635
4243
4474
2589
2813
3054
283
2273
388
769
2361
2330
288
1365
308
1849
4243
3897
1046
6001
5766
5521
3746
5036
5575
523
3666
6576
326
5626
3543
2960
221
5368
2900
385
1421
534
9
1809
1303
2369
1490
5942
3734
6149
790
5328
398
6188
4328
6163
2060
1073
4198
4987
1596
5215
4562
1921
1193
5456
2232
1413
3823
5131
6149
5243
5664
6158
4403
4318
5878
5893
3260
2611
2393
1401
5290
2790
4940
2618
6305
7000
1042
854
4986
6989
6069
6899
6261
261
5354
1492
6025
6528
6622
5173
4770
5286
1682
2173
2603
560
5417
3214
522
5161
4615
5812
5303
6906
5781
4607
6905
6822
2812
2242
6811
1880
2140
6071
6492
4845
4915
2868
4372
4536
5393
6494
173
74
1666
128
4985
4434
3341
2859
2594
5307
6022
5248
5213
4802
206
2469
1975
3018
4711
6137
2249
4202
2560
1741
2047
474
4608
3770
2361
352
3263
2534
426
2280
2661
2762
6713
3353
2972
6659
6012
1993
2258
1576
4146
2464
4044
3473
5481
6106
2609
729
3308
2520
6821
2706
2993
1781
6475
5354
2132
2738
5239
6909
2369
899
23
6434
1603
2994
3444
614
4987
5701
2189
6484
1164
3585
2956
3996
2690
5565
4725
3349
1084
1897
6054
1429
3677
5529
4134
5809
5618
2372
3069
986
622
3091
419
2224
6085
3862
190
1423
2563
2378
906
1078
3314
1214
5074
6004
6778
150
2352
5213
2046
5758
3993
5723
4286
1126
1883
255
3497
2303
1240
4118
5394
6011
3694
1830
2872
3883
604
2786
3612
5861
3864
6926
74
6289
3281
6851
6438
2984
2416
1483
1741
6408
4557
3378
4886
3791
3632
1382
6094
4872
2852
1839
3882
6545
3668
4105
3427
1623
6891
38
483
1106
6963
557
394
595
4759
4183
3579
4526
5665
5319
3934
574
6049
1819
4364
2680
552
809
551
3403
2647
1784
2947
3666
3241
3725
5288
3131
1115
3123
1588
5429
3679
1981
6024
5789
6163
2602
3315
2179
5272
4600
104
4320
3770
1820
7000
4321
2628
4902
5076
2627
4038
5374
6292
278
2099
1932
760
3213
5054
6699
5993
6084
1679
5016
4872
5193
4969
1186
4723
3241
5785
4827
4912
2554
6646
2263
4227
6625
4517
2302
2251
5906
675
5895
3535
125
826
4294
3337
3231
3992
2330
2314
3022
4697
185
5566
2666
5723
640
3258
1859
2818
5521
1765
6815
784
5991
6440
2652
1292
1690
1557
6318
584
5091
6443
5761
6736
131
1991
1079
6812
1656
1452
4509
6193
4369
174
4915
5008
783
4125
5178
6303
5889
4992
4438
2231
1783
89
874
3473
5997
192
1408
1439
6634
4521
5526
4116
6511
6604
3928
5519
5407
1436
4711
2775
5961
6977
5135
6743
4101
3312
3397
342
5655
5187
2572
438
5275
3446
1262
1624
989
21
3062
622
4541
1588
4737
1404
5543
6016
6922
3950
451
1984
4076
6411
1960
6562
3505
6060
225
4254
6401
5880
2440
6325
3669
5066
2770
4930
6689
1110
4950
103
1731
6843
6042
3819
5598
4584
2835
2871
5885
637
4854
313
4400
6813
6874
5256
3224
99
2509
6977
5978
4948
6301
2646
366
6422
4927
4406
531
228
4508
6613
70
3549
783
3019
5485
969
5889
1721
1606
3742
2033
6005
3554
1907
1612
4130
2005
4121
4106
5334
6420
758
979
6785
179
3257
4191
5061
3484
6050
4673
3554
6951
2807
3924
5435
3776
2813
4507
2733
6554
6540
6089
460
1446
700
4589
802
4820
6046
6135
1592
6803
4465
5728
4333
721
270
2393
1556
6320
65
2461
6270
2871
6385
2056
3998
2197
6562
6730
1750
3453
5818
6561
4898
6518
1501
3051
1689
546
6537
3280
348
4001
2008
2032
2073
6629
4424
3629
5948
1840
6089
2569
2063
5473
1976
6060
669
5890
5790
6771
2342
1959
3683
4592
1476
5184
642
517
5729
179
3796
3429
1531
3155
5460
956
2784
236
4584
6083
2075
1024
1652
4137
6497
979
549
4517
6868
6338
1639
2210
5648
5322
6801
124
857
442
640
3937
4972
1787
4717
3855
2294
529
4810
5077
764
2393
1511
2838
3416
514
4327
264
1493
4875
2133
1360
1564
1123
3569
211
6444
721
4686
4652
5515
2677
1589
3486
4464
6305
340
6757
6833
5149
2185
596
4893
1047
786
5661
1561
5112
3276
3053
2986
2760
1764
4549
3883
5333
2111
678
6053
6797
5330
4567
2473
6918
5405
4288
6222
3096
4044
6055
5597
3580
4002
3489
4627
4787
6501
3539
2898
2777
3943
5883
5536
5706
783
6770
1390
2894
448
443
42
3129
2361
2514
3046
5117
4154
6619
1213
1197
3025
6809
2129
27
649
4107
4813
150
4997
711
2926
1939
3945
5813
644
2080
2935
2034
2325
3382
6828
2366
3862
6540
2231
6907
4657
6384
3877
3221
4933
6902
3029
4413
6928
3677
5871
2092
1178
3867
2802
1455
5805
4099
4620
3800
3530
554
3185
5854
1287
364
5571
5148
6904
5153
2406
1912
4537
6282
2484
6821
6183
5512
1585
3462
6540
455
5554
5070
1673
5707
6524
4829
2805
4143
1628
6334
4696
2165
2539
5982
2528
5461
4129
6783
3614
3886
6046
5502
3168
1529
5322
6702
4392
4258
3164
3932
4712
6069
6353
6384
4775
5876
1564
4932
3019
3191
1617
5066
2707
4156
1400
5235
6968
2880
2369
3581
6766
1415
2082
2933
2943
4755
6986
335
2012
3149
1618
4075
6569
970
810
4344
4197
2373
6627
215
2916
1243
2633
5622
2750
4032
1208
2718
6911
3577
6298
6676
4991
5732
6960
5285
3486
6946
5619
2850
446
4588
6924
15
2909
734
1710
106
458
1336
4672
3373
2578
304
1995
5328
1687
554
5397
1598
4130
2046
5625
6472
777
5585
4757
4263
2882
727
112
3327
2667
4387
693
5575
2472
2402
5680
2930
3737
704
6302
6315
1007
5648
1994
46
6202
390
1643
3331
2435
4619
155
564
555
4911
4826
3436
2989
2289
4115
5655
4027
4807
4230
6499
209
261
2428
3945
964
6081
611
6323
4729
2604
6368
3930
345
5362
4612
132
332
4766
695
887
28
2872
4322
3017
2512
1436
6023
6538
6243
604
3388
3803
865
5815
747
6180
4896
1358
2854
6976
1313
6573
3905
1658
2286
5868
6141
2618
3634
4187
3504
3661
58
5177
4029
6921
6613
3052
6458
3207
3655
2846
4361
1871
6012
5107
5403
1259
3816
1256
1234
5129
5181
2490
4138
466
1358
630
435
2343
4816
3938
3355
2225
2115
384
2145
6079
787
5954
6637
1793
6151
3997
3664
2515
6455
2066
3773
3271
673
2359
5751
5853
4848
240
3671
3557
5221
4105
5899
3036
1043
2254
2612
509
6989
4756
3939
5127
1061
927
6919
212
4923
3582
78
1729
2999
3850
2351
3672
6208
5453
6876
1408
5692
3546
4964
1264
5003
3863
4299
3397
3468
6910
3905
3456
2017
5195
5934
3078
6121
5852
641
1395
6786
718
3123
2784
1919
2826
3807
5479
1278
3683
6886
4322
4580
4849
5585
2582
6063
236
5978
2530
4497
234
3337
6514
5428
2270
6943
1900
1122
4935
3294
907
3004
3769
1042
4922
3946
4849
3400
5223
5883
637
6896
3462
2838
5481
3396
1900
5716
2373
4430
3212
6959
5118
77
5386
388
4371
4638
5861
2305
931
4119
5308
2051
5160
582
5996
360
1333
1571
6242
1970
1466
56
4807
6946
3451
6706
3013
3175
1487
3577
3133
6605
1005
5871
4344
5376
3508
3204
680
1790
4674
3340
3841
2833
3921
188
3193
5253
1758
6786
4574
3224
6841
2380
521
643
6438
886
3818
924
1814
4302
4880
2818
3172
2223
1193
6679
2778
6225
1469
451
6916
2661
636
3836
2848
1180
6440
1958
5317
4014
5181
5158
3745
3053
3152
3182
3938
6969
1458
5751
1623
3689
5921
4794
3264
4465
4473
6041
3689
3293
3844
956
5953
1831
2143
6152
3010
1583
1109
5678
2948
3641
1187
6692
6694
4339
226
983
1659
6035
4086
3281
2723
3006
1075
5986
470
2899
2379
1511
3543
3574
2466
2495
5404
4609
5998
5765
3543
4459
4442
6490
1099
5629
3533
5144
319
1110
6127
1977
4496
564
2610
219
3569
1036
3556
1390
3934
3286
252
476
6859
2718
322
2614
4678
3671
1378
1220
1129
3172
5061
2228
6152
5945
4723
3822
4407
3849
3150
1902
4412
5759
6472
5332
6794
3028
6722
1079
6313
6973
1554
3524
42
6227
6137
2071
2898
4867
642
1378
5390
3054
3605
1893
1999
1328
5714
3757
2528
1863
5658
4292
622
5130
2623
4767
5509
6696
5846
2173
4021
4751
5696
1414
1330
2185
3485
1579
51
4126
2956
2792
180
3913
4684
6530
2592
3397
3286
5119
2611
1943
6762
584
4424
2385
5351
284
6432
1548
2457
3452
3650
5504
4866
4979
688
5702
3909
5090
2827
6865
5233
3006
3777
2916
6887
6368
3664
3172
1838
6275
2467
1600
6858
6890
1336
5208
4526
767
4107
6982
1571
757
2837
3788
3087
877
2489
6996
3318
2667
4212
1551
3025
5340
4466
2911
4707
1130
6083
3896
4756
1549
5495
4613
5790
6830
173
3315
4949
4279
648
6519
2387
837
658
2826
1713
498
173
2382
3164
4384
3932
6188
2723
5750
2099
4781
4231
1181
1676
1986
81
171
6598
5870
4352
6770
6537
2300
1401
4536
6170
3787
5372
6827
3964
4436
324
4136
6818
840
1519
1101
27
1593
6850
2125
6373
1432
657
1049
3417
5089
1219
367
3959
5570
4488
847
5222
5888
5382
4391
27
3754
1570
3990
1189
6245
5478
1006
84
6996
2107
4463
1589
6308
3939
961
740
4596
6361
1508
2684
579
1874
3994
3501
6362
4840
6074
2601
3222
3464
2627
4327
5033
3969
2867
1630
2446
1225
1713
6793
683
6175
1381
6990
3114
6694
5081
5061
6054
6589
5096
3985
1462
6442
4837
5175
4281
3910
776
4854
4725
754
6532
110
4722
2399
1739
4519
3623
803
4312
4305
4330
3044
1646
4795
89
6727
2855
3495
6315
5302
4831
5128
4743
2667
3303
6376
3928
1430
1581
6004
2183
1113
6113
4257
863
5203
1775
4485
6006
3438
6141
3335
6482
786
1129
3922
4864
1335
416
4178
6636
5246
6658
1731
5264
2960
1106
2191
4389
2686
1195
3923
1150
4659
1179
2012
2862
2954
3848
1867
6391
2988
2553
3224
1126
3681
146
5989
2367
4913
519
2002
3159
176
3732
1422
487
2189
965
2227
2227
6511
6149
3376
4169
328
5388
30
633
6587
6248
4375
2575
1800
4951
1052
2832
5096
40
2550
360
4910
1904
3518
5085
2987
2292
2923
5176
608
5149
402
118
1650
3777
1638
1977
6516
6020
6961
6103
5267
4335
6029
4419
2285
4432
4602
4732
4471
152
5092
6733
2055
5961
2169
5041
5604
5092
568
6211
592
969
3680
2241
2098
2670
1569
5965
1689
1529
5067
4307
5864
1447
6077
1148
5878
1031
3232
701
1182
1323
433
588
4635
2601
2980
3239
5044
900
6801
5636
1868
833
876
1317
854
2445
282
2542
1325
5348
4200
188
4147
3277
5688
3024
4307
1919
3724
2840
593
1508
779
5227
1461
1110
5817
6504
2009
2970
2491
3877
1154
719
2545
2007
515
2826
1900
1839
5526
6099
2027
2672
6727
714
3047
4033
6984
4123
4224
4928
5630
5002
506
4442
6112
3675
3946
5472
6644
3788
6700
5149
4506
2245
155
5020
2422
6406
6859
947
5504
6237
970
5231
4302
1369
6615
4285
5491
1191
2212
1472
3544
69
5914
7
3743
211
5479
738
3998
5178
5886
1504
422
3392
3875
2844
2797
3733
1142
5653
2969
6464
1235
4622
832
5201
1906
6322
6391
1469
793
2935
1538
4058
2941
2632
4268
1419
3370
1266
6597
6607
121
4370
2999
3995
4565
3147
5080
5707
1799
5400
5170
385
3022
3353
5586
2279
2674
4976
1100
818
910
6989
4876
1203
2620
2143
2621
5989
760
6569
5596
5232
3939
5946
6579
5855
2092
4658
1913
1243
409
4434
1627
782
786
4564
3061
3459
2540
1512
1629
801
1500
6504
2003
1471
5998
4624
4812
6758
1544
759
4989
5482
6704
1919
1689
6147
3928
3601
4741
4337
1035
3720
2470
6172
1283
2882
2631
3822
4393
1611
4623
5892
1114
3977
363
111
1600
2526
4220
3144
3284
6561
5977
2987
1479
5017
6485
5407
1618
4226
95
4
945
2564
6175
6579
2798
6157
3401
190
767
5375
3434
6232
2351
1148
3695
1303
3673
914
1798
6956
4826
5126
294
3657
3143
6778
6415
2112
4003
3861
2115
2299
6424
5641
1878
2221
4798
2630
6763
2916
5356
3196
2148
5058
4343
3194
3712
5367
1459
5509
5322
6285
987
5615
2941
4129
2744
6707
6240
6747
3567
5706
6397
342
4346
5626
6915
6495
5607
6677
6763
1314
2872
6262
6372
4566
2455
435
284
3913
3296
5605
549
4282
1571
841
1410
4314
547
5001
1412
4113
1058
809
4455
5403
3786
1721
2250
2393
1397
2012
1058
1620
1273
429
3537
1079
5216
3820
4991
1511
2424
5540
5792
1346
6380
4553
5659
4279
6905
4423
5743
962
5231
549
3716
6368
2269
5965
6112
3665
5328
170
5284
6600
4950
6172
678
3165
2991
3021
4675
2766
5912
818
4111
2643
5370
122
6921
5274
4544
5664
3587
126
3564
303
6493
5833
6267
2957
2497
4595
3126
5133
1546
1075
4304
6576
1592
4647
2596
6266
412
5859
84
1875
1501
2805
1996
5774
5431
6539
1789
2017
4016
5352
2319
860
4184
5938
3816
4033
3532
4293
2165
2429
5368
3820
2004
4311
1466
1951
3576
1878
5161
1011
3752
6662
3816
3099
2787
2246
6989
4575
1614
4004
278
3933
4863
1814
2870
1679
5846
3753
5971
5362
6181
1690
2181
5537
6000
999
4839
6928
228
3000
5290
1331
13
6457
4429
2799
6054
1769
4725
668
5772
5002
4600
3634
6815
4821
2664
3012
1573
5987
1373
5105
5028
906
993
1380
1904
5832
5659
6483
1831
3948
813
6195
3405
2593
1993
6810
4361
6717
477
484
2070
2428
1469
1885
248
4133
4896
6172
471
3621
1629
2850
4526
2621
4229
3781
1452
239
3263
634
4187
1427
4180
4943
1371
6172
4752
5731
3240
2581
3566
5310
5008
5034
4546
2608
2166
6793
1779
6988
3413
3407
2838
5290
3380
4418
2070
2183
4657
2684
2817
6195
1462
4348
4137
2832
3520
6240
5914
6759
1820
2479
2420
4180
513
6965
6787
30
4110
5917
18
4874
2324
207
3164
5703
4624
2585
885
6632
2621
1053
5826
4082
5401
2962
6914
6272
6554
3179
3382
5725
3010
5802
2904
3522
3118
42
3551
4579
5959
920
2453
1282
5478
5616
4336
3102
5552
2572
2733
1172
977
5911
5254
3729
1872
2519
3000
5777
3049
3733
4502
6058
2534
4757
2579
3004
4799
3482
582
3757
1753
386
2390
231
6001
4077
684
4553
4000
768
3076
4976
6678
1329
6056
5902
1199
2055
4678
4248
5788
6531
3305
5673
1640
3236
6028
6438
4069
3962
546
5821
4347
287
3403
700
1715
4086
5252
5714
2206
5679
1042
6235
8
97
5136
5558
6504
166
2805
2643
4048
3462
1315
5687
6697
4695
2476
3765
1656
373
6937
6002
5011
3340
6701
6725
4777
2304
5439
4334
983
6480
3569
5342
6576
6056
3899
3431
6221
4056
6073
3269
4869
4740
1955
4565
2434
1783
5681
1441
2155
2969
442
166
3660
4495
4242
5789
4150
2680
3122
2484
6511
4042
5177
3439
3098
2076
6869
2318
3483
5942
2938
1351
3681
2245
3267
3466
4027
6299
4906
3533
6619
2699
1050
3279
193
5292
6419
1695
971
6892
4178
4834
3934
2355
1272
31
1782
5492
6700
2616
1785
2638
1318
2817
2234
4584
6282
3612
1234
4187
144
852
6886
1194
1482
4430
6485
900
6124
4807
792
3302
6992
2077
3008
5615
6459
4789
4107
6158
4756
3243
6147
6073
6060
5732
1008
5341
2343
2241
2528
2487
444
6765
1032
6278
4194
4868
4529
3318
26
2672
3971
18
4748
6978
5632
1558
2118
90
5068
6873
3333
4214
3297
2392
298
4304
5084
2640
3896
611
5126
1691
4727
3509
968
1921
1376
2849
5238
5754
5520
6560
5771
620
3889
1754
2177
3358
6196
244
3230
6880
1810
6526
2271
2107
1181
4706
4746
5076
2669
224
6766
395
1084
5086
2315
6812
934
4904
5565
3805
4463
4335
4424
5703
3440
3953
2060
2635
1548
2641
2514
3357
6518
2136
2815
698
6842
4913
5773
2510
2488
2891
2904
3571
976
2571
3382
1909
474
1946
5713
2289
3632
489
991
4424
1793
403
58
3340
3043
6924
4049
2561
2059
4215
3258
6252
2127
6383
1761
1966
2273
2017
5537
3248
1939
6270
2508
2412
5568
5572
2052
6551
6060
395
3974
852
797
1384
1544
3839
1307
5592
6399
3365
2806
9
2617
2285
6391
1729
4250
6015
1097
138
6614
3035
6408
2121
2799
2327
692
2202
1877
4104
2596
3203
2307
744
4586
3850
4583
5892
6793
1333
2256
6951
5693
2224
2235
2435
3953
6484
1449
5049
3974
1062
5436
3381
534
1234
3059
5578
3435
2287
33
3383
5489
2339
4126
3074
3541
6060
1965
685
393
1573
635
6085
3796
221
1520
5100
4057
320
501
1030
1382
5936
1762
6267
4521
4820
4844
5307
106
4876
1689
5595
4567
3167
6020
1107
2226
985
6143
2618
6909
6778
6055
1056
4350
4926
6156
1406
5245
4008
2435
3978
295
4196
3245
4815
6367
5440
473
6473
3316
6514
2419
882
2680
1438
6340
4905
6774
2834
4875
4034
6963
3929
5090
4313
6206
1597
5718
1802
5604
5505
3132
5898
52
6376
1064
3771
2167
1536
3243
5482
1049
3013
3715
3728
1802
406
1633
1576
592
6507
2961
554
787
1050
4866
4344
2646
936
6145
1249
3792
2276
146