209
3721
6623
4946
5998
5331
2105
579
6802
3984
771
1982
7726
3725
1746
3600
4320
4496
5118
3460
5089
6726
2422
2737
4264
4708
5191
1175
4527
3400
2283
4735
3472
905
1680
1469
2587
136
6400
5740
471
3522
7721
196
7247
5818
3796
7918
2313
913
7729
7402
3990
2150
6490
253
6857
32
5780
7735
3431
62
4469
6903
5319
2500
4723
7905
2635
7474
5645
7457
2996
1717
7653
6594
3887
3448
6511
6199
4360
2591
5600
4701
4740
442
4954
7948
473
7085
7682
3904
7146
502
7158
816
3001
232
5073
1987
7706
2717
1443
7053
785
1095
5646
4671
894
508
7222
1605
3098
1173
6306
4189
1614
7611
4136
2087
6695
3817
2342
2192
4318
5851
7360
3670
6082
4432
5656
2139
3500
3450
1191
4284
897
3188
5307
6142
3695
4528
7747
3144
2052
2404
7332
3666
6366
3467
2104
5060
3635
4445
3603
7952
2295
2962
7973
4728
7393
5628
6867
2892
5430
4409
3528
2678
7597
5186
819
7643
6065
565
2787
116
7320
2118
3781
5685
5585
5884
7096
1219
6680
2699
5523
974
2012
5495
5702
5757
7475
920
5000
4904
5328
527
3933
4924
5712
4751
4567
128
1668
3705
244
987
5822
376
6672
7758
6260
2119
5329
1291
1169
2851
6617
3181
4697
670
937
4171
1589
2288
5426
3268
2815
1358
192
4878
2461
1110
5006
4128
4814
1601
5114
6987
1976
137
6745
4587
2256
4073
5878
3424
3275
4494
2956
4323
5163
244
494
3103
2532
2271
6370
1698
7981
2913
2927
2441
4022
7932
6568
5187
5884
33
526
7860
170
7270
4446
6777
7694
6675
6552
7320
3168
1508
3642
4682
6103
487
7784
634
7110
2506
2331
7090
5418
5258
5882
5792
1541
801
2978
3777
833
3503
3636
5354
7124
4433
482
3169
3108
7034
2488
2627
4893
6130
3661
2995
2968
3444
3629
2077
2301
2311
1166
7719
3920
3399
5510
1813
4199
487
5589
5032
342
5576
6737
3817
6360
7219
6986
1467
6252
1473
446
3144
3954
4106
6138
6922
3901
6118
998
6202
4781
6516
2272
5052
1914
7781
6864
6113
4619
804
7496
1312
2731
6232
5129
1091
5450
4114
6909
3701
1938
7354
3196
5892
7811
5686
4813
64
155
2162
2617
4935
677
4888
6339
2591
4668
5202
5055
1286
2358
4550
2598
5088
2781
4078
2530
231
191
1439
283
2128
5144
7831
4371
1307
5516
5535
1370
2022
7697
3986
3309
4725
5225
1647
3667
1892
6848
721
7529
5557
5270
6478
6997
4403
2555
1526
4633
7097
2964
1267
1225
108
5449
1947
5766
7316
7482
7135
1338
3530
7472
4646
254
4696
6292
3921
2939
1491
4641
2467
7048
6263
5297
2396
2665
7851
3921
3649
6948
3237
1267
4524
7696
6716
6470
5461
6031
2303
4595
7368
5832
4066
365
6086
5113
6656
6358
51
4499
7350
6869
7898
5612
4165
2293
4628
4016
6213
276
7315
1449
1543
3838
1144
4610
6659
6604
2640
962
7550
2008
3145
7967
6724
1230
5079
5380
3939
1481
1878
3289
350
1775
5252
4514
419
1880
4881
6631
6507
4195
4432
49
4384
1927
1010
7395
4883
3650
4708
4432
2009
7852
751
732
1082
2181
2463
1372
3662
4340
4660
363
2466
1912
4876
2884
3791
6109
5867
6649
6655
6650
6698
7391
576
7707
6785
1810
7708
3492
2594
1716
3343
3344
6800
776
5524
1262
2148
1185
1954
3159
5899
4419
5070
7127
3655
5212
5235
5873
3861
241
4522
6910
7631
1449
2968
2767
7611
7028
2610
2204
5095
5953
5547
3894
3080
3070
5156
1579
607
7109
4738
2857
7879
6159
1983
7885
7723
7217
2109
7935
3810
2982
3196
3440
783
2515
2559
393
1542
5168
2596
2989
7472
142
6882
2552
7563
389
482
4521
3849
5219
7378
80
7730
1360
7964
3804
4929
2073
90
738
1406
3285
529
2188
2151
3087
2580
45
255
5175
3033
7726
1668
6266
6629
5583
6655
7111
2103
2503
681
5832
6934
4762
3544
6898
565
4824
5322
5006
1913
3079
4642
2441
5267
6793
1880
7846
3189
6486
5021
6221
2563
3040
4486
1192
622
7492
4654
7077
6347
5334
1260
5280
6448
4803
529
7012
5978
2202
370
7890
5281
5011
6683
2547
3803
4914
6744
3343
3399
116
1563
5961
3156
2401
3504
129
6244
157
7205
4590
1843
465
6222
290
1619
3102
3653
3949
5304
4022
3838
6936
1033
6872
5834
1187
3785
4577
4530
7183
1045
2444
1496
4200
1196
4999
4328
7440
1508
7885
381
3350
4701
2954
3639
6319
6056
3643
2267
7711
7665
2457
2998
5049
5680
831
6235
1465
1759
7116
4999
2803
1560
6494
3354
7107
7845
7682
6546
1352
3918
3279
4701
618
2584
4691
6936
639
333
5555
4701
4349
4363
7698
1397
6394
528
3984
7858
6639
3099
1209
5793
1010
4054
1147
117
3898
5180
3014
5249
1097
2644
6301
1714
5228
7343
5001
2218
4028
6907
6919
376
7621
6616
6125
6015
3496
6460
2224
6486
1558
3432
4278
6920
7486
5424
3388
7735
2603
2753
1336
51
5397
3988
1764
6976
3331
3117
1193
3710
2023
4463
437
5996
3079
6561
4010
2926
5020
2585
1411
2930
6017
5688
6201
1854
7464
1588
1588
6418
692
2923
6469
2440
3263
4584
1415
6593
7700
6960
2302
6075
3422
2738
4070
2852
5651
4431
2129
7022
7015
3539
6303
1383
5579
855
3236
1394
6794
1176
7811
7486
450
2631
1925
3712
7215
7692
6656
3266
3003
5309
1340
2776
4399
1761
1980
2049
2543
4108
5422
5910
3999
77
7292
5929
931
6880
7322
7725
55
3484
7210
4856
6115
5486
568
5329
1529
3575
594
4531
884
6286
3659
5282
4398
5638
3682
3293
1745
5455
1202
2095
5531
4845
23
6462
3724
3696
6186
130
7180
1747
4986
5294
3584
1905
6974
5113
1831
7567
5995
2714
2204
1653
7995
2954
3642
28
2598
1739
5483
3799
3833
3013
643
208
5826
719
3903
363
848
3082
2109
2185
4727
2045
441
3700
7157
2272
7619
1503
4985
6174
7508
1332
1127
3149
5711
76
1239
3193
3874
5072
2558
869
1631
383
5939
1885
746
6786
4967
7206
5323
6045
1250
5763
1745
4758
4386
5715
6261
5723
3888
2120
3406
1367
5268
1116
1442
2859
4309
1668
7930
6866
2536
5912
3600
474
7796
4345
3611
1114
7903
5285
7159
1152
7400
5255
5910
3785
2969
522
1507
3208
2641
1264
4574
4260
2380
2368
7118
6688
4035
3399
1905
2922
1310
1856
3395
1106
6201
3357
6571
6103
642
5729
3606
4393
2983
1515
177
2303
6388
6036
5511
1028
7299
6436
5288
1678
803
4405
4717
4837
7804
2973
7758
5465
4829
7504
2922
7381
2861
1493
1835
7854
7221
1792
4246
6556
7659
774
5210
6046
3161
2720
7074
2460
1156
713
489
6310
1469
1558
3147
5624
882
7256
3089
5710
6760
6010
1442
5972
3854
7628
2177
7427
1420
6422
2334
1078
3547
7543
7123
6708
6615
2548
5519
4122
7612
2359
2431
1081
3916
1929
6704
4798
1185
1792
6859
7944
4154
4653
2267
7
4280
4443
3785
2051
7216
6118
7480
2762
5661
2955
5821
627
5502
3339
4748
5114
5698
3530
6194
5965
5459
1249
2762
6643
7393
5973
2938
7898
2625
5204
4256
3256
1646
41
1659
861
6158
1138
7974
170
4092
5795
796
5946
5485
5543
7411
7534
1073
1956
5499
6531
3204
4612
1525
2596
6936
4462
6845
5912
1665
3101
1168
7662
3141
7178
522
1298
315
4847
1468
759
6993
2263
6704
4478
4158
6114
363
1582
69
2213
4464
7624
6825
5988
6572
2112
2449
5416
24
465
516
5543
126
3656
4720
647
1306
1386
1845
7125
2144
838
5739
5199
1667
1896
7664
2029
7829
4084
4242
4292
3708
7418
2279
6631
1529
1079
4046
1552
1543
914
7094
1668
4569
165
6666
2226
1551
511
1350
46
5700
3441
5245
7366
1688
1260
1394
1517
5344
1987
5808
5403
5756
87
4033
3637
5517
4430
5188
7060
5343
634
727
6264
5150
3745
489
6700
4255
6191
3098
1954
5983
4694
5671
7670
5953
7064
1186
3296
5403
6994
5050
7510
3432
5434
3146
5300
1864
4686
4359
7206
1671
1438
5469
6820
5182
2310
1872
5788
4852
4969
7741
2834
1662
5411
2503
3966
826
41
3614
2580
3386
663
2090
3169
6097
5235
468
4312
6272
4827
3517
7942
6264
5338
6762
7797
3999
633
5584
5202
1953
1676
35
7966
3438
6889
3931
4263
3281
7544
3195
6666
4559
1636
1834
2655
3222
2302
6966
1494
3480
6834
1435
6095
523
196
5891
4521
5180
7826
6074
7132
1501
6108
3449
4938
1349
7380
5552
4629
3275
746
7647
7833
2381
1480
6839
5603
133
5804
7096
7964
990
4882
2410
1512
5078
4652
2385
6609
4477
458
5741
2329
2918
5541
7266
618
4920
1170
5246
195
1915
4892
4379
648
2724
3218
2602
7208
5373
6049
7172
6362
2930
5933
4226
4359
2585
6610
2968
7061
3419
5060
1390
6336
2600
5007
6953
3872
6176
551
418
4443
1794
4796
1442
869
13
4043
77
5386
6443
3600
99
5724
1532
4324
2083
4116
2933
5050
7529
2704
6461
918
5391
1060
2276
696
4931
452
1246
1700
4894
7391
6496
6335
260
2860
6729
4688
245
5171
287
4696
2894
6170
1019
1328
2286
304
2729
6166
3007
1189
3435
397
6601
5710
1092
7883
6161
6689
1583
7406
6080
78
2092
2691
2937
820
7378
7534
2342
4016
4229
1588
2185
1599
2915
822
1902
1996
6987
1260
3184
2421
6009
1784
131
7100
6019
2643
2141
7601
2049
4572
7678
492
7262
6966
1312
2991
2851
3653
7006
7079
1592
1190
5030
4507
6364
6931
2854
5350
191
6037
4123
6199
4173
605
1650
2191
3247
142
6143
1647
4713
5820
2139
3974
1137
7802
3316
3988
7806
2321
7418
1398
3511
4447
2256
1874
3378
5109
3575
7920
7497
7697
2470
21
301
471
6563
7900
613
4705
5898
1677
6876
36
2003
13
4189
5318
4000
3995
7639
3417
5392
7501
4216
7647
5726
7593
1107
1300
3864
603
5349
2685
624
2001
3155
3538
6252
119
243
4150
1796
7118
537
3798
3482
4726
1115
7481
720
5105
7250
2463
4605
3465
2109
2330
7409
7567
7982
7624
169
1682
2308
5144
3682
1814
682
1934
1933
5276
6083
80
745
2971
229
4227
7696
1343
3707
415
2800
7308
2877
7404
2772
1337
6086
6532
903
2419
6155
5424
4100
4814
6919
4133
6628
7600
6066
4912
1227
500
4991
1972
3471
5219
6198
7518
2913
6256
4285
5712
5564
3513
1468
4687
1202
7553
7571
2104
1971
5725
3879
2422
6891
2798
6554
5518
6749
972
2429
7976
1471
3771
6299
1293
5341
4496
5163
253
7103
1447
2317
1018
4959
3784
2057
6160
7688
1627
4616
1658
3703
494
4079
2593
7643
2632
110
6392
7955
6890
2719
5778
7012
1017
3422
4352
1864
584
4605
966
6382
3273
1984
3341
7056
392
5852
6743
2018
6819
4752
2072
3665
5182
4665
3307
4165
1126
6050
4120
4368
768
1897
3379
6136
5318
7731
7999
5902
687
965
4283
3959
7300
3975
7366
7691
6179
6108
6060
4997
2859
131
5013
40
1147
4672
4204
6625
2721
323
2992
7841
6571
2722
5976
3889
2452
5975
1790
7490
3291
2424
3448
6942
6399
2813
2984
929
5272
1043
2277
4482
5525
7290
4521
3024
313
5077
1648
7385
1751
4639
7225
4674
3712
1553
562
6164
3879
6703
5653
7169
1126
5453
2462
3876
4617
5445
4804
1889
6487
7081
6370
363
2722
7243
3386
3034
671
5033
6770
6773
6023
5995
3446
1735
3899
4007
4250
7777
2709
6254
3297
187
3706
5758
4062
4675
3202
5218
6563
6040
650
1284
6402
7723
4878
6140
2756
5548
7524
1525
673
5547
3871
4118
3633
4121
4477
4234
3897
3537
2487
3545
3723
2545
1302
4137
7219
855
5706
2133
3246
6355
7768
1648
6077
4646
4139
5184
6545
3662
3060
3569
5560
3283
7687
1192
7403
515
1777
7652
4051
4264
3196
4126
3160
850
4614
6730
1704
2319
5214
1302
673
1333
2949
3101
5978
3439
284
875
7100
7695
4443
4660
2977
481
2203
2380
995
3980
2031
1398
4595
1578
5523
4106
2427
6488
7187
483
806
4400
1784
5830
5732
1084
930
62
4522
5565
936
7973
1611
1730
4632
4588
2211
3187
3319
7557
3518
1701
5306
4464
3278
7180
569
2057
5667
7755
2539
6472
506
674
4301
6237
6109
1582
2650
2630
3498
7937
6954
5109
1667
3586
6048
229
3124
1366
4137
6641
7418
1443
3104
2695
622
24
1103
6289
7778
7993
1112
4635
666
1765
7223
6774
7698
1873
5755
3196
1809
4709
4656
7827
4646
7055
4407
7769
4772
544
2761
4189
6338
5864
3235
3311
2239
4338
1599
6368
4330
7063
3002
4996
827
2224
121
524
4096
2228
71
2257
3288
1078
2083
7933
132
2842
4053
4903
3385
3165
5443
6074
5380
678
1384
7618
5015
7335
5985
1344
6397
986
2691
3575
3209
7164
450
3657
1391
4873
5913
1030
5950
4347
5314
2434
7188
1366
3688
6924
4530
1131
1349
1909
1808
2733
5878
3174
6419
3862
4517
1167
1199
3560
4741
759
2723
1542
4415
465
6414
6679
1494
716
7378
6807
3149
2917
4524
6836
6193
5405
7966
7541
3665
6125
6625
1542
1298
5043
5403
2167
6209
2953
2078
7301
3711
4800
5195
126
1616
3608
3156
7461
4323
6885
2619
3823
1802
3494
2659
7994
898
6976
7534
914
1453
6159
2455
2750
7553
4209
1268
2114
7161
3345
1414
2871
4496
2960
7348
6111
6568
2504
1923
7242
1388
893
7417
7541
4386
2075
7534
5283
5402
3420
6196
6854
5930
5002
5956
5482
1210
7223
7595
4722
2568
5361
7593
3415
320
6940
5878
3239
5795
7800
6833
3535
693
6249
7427
5078
4675
6961
6713
6428
6732
1260
1634
4661
2614
7589
6494
3823
3163
2441
545
2082
7801
4489
5497
4472
7780
3374
4063
5575
7525
7247
5461
4569
5495
4887
5999
6521
199
4711
1300
3282
2322
2933
4294
4935
2521
2788
5110
2036
5228
2006
4117
1380
6494
1613
2203
6273
1338
6265
199
863
5511
2011
5431
7357
6898
3429
2229
3448
4491
3529
6730
3165
2813
3023
4451
1686
2162
1560
3721
3741
7917
7837
5120
6410
1450
7323
1035
7139
1939
5585
1
3802
7596
1784
7510
2845
1564
1739
6292
2407
1619
1373
5571
4431
748
6373
6116
2909
7933
1836
6650
4201
1673
121
2611
7474
3795
7997
6612
5734
5581
2965
5887
1528
4748
5396
4372
6311
7134
7016
717
752
388
2639
1535
1135
1012
7650
396
5296
5838
7045
1496
3862
7165
458
7687
2960
4806
6298
5045
2387
5614
2931
3914
2361
4678
4638
5024
3812
3653
2092
915
392
1083
2449
5879
6446
6451
6274
3741
640
1670
1588
4501
5186
6398
4187
4497
3203
6836
5893
5589
802
5175
5855
7514
1853
2492
4537
5664
2496
2981
2930
7239
415
1731
5117
6860
4533
7742
2600
5172
1411
539
6024
2949
6936
6562
7445
2139
1749
1690
4079
2550
6864
6285
2064
716
5128
2952
6379
7623
2284
5661
6862
2698
7391
330
1557
275
72
508
5446
5834
5399
7821
782
4334
6382
4579
2824
130
6268
6903
7032
5131
1539
5447
5847
6667
398
577
6289
7034
2589
1502
1731
1979
1832
7640
2253
6255
4499
4050
4088
1897
3870
1222
6231
6603
5800
5406
6733
419
660
2116
5549
2199
7562
7747
865
4311
4676
3505
3344
7264
5007
1427
5595
3190
1066
4199
1444
5564
4601
1883
7461
470
3104
2043
7073
5255
7448
2157
5673
4460
4272
7574
6658
3833
7320
7522
4495
347
7378
7839
7611
736
1265
1557
3925
6682
5755
1720
4245
2355
7955
57
7177
3058
6451
2601
4665
2251
4757
2337
6710
5380
1910
5367
1212
5582
1240
5706
2280
617
1896
6242
1353
7512
7798
1629
6193
1905
7701
6790
611
7655
3198
4139
7064
1649
6739
3728
3899
3495
6065
6960
874
4326
4326
6437
6259
5565
495
539
2533
6742
6780
237
6254
2930
1866
4446
1186
1566
7587
1796
5572
2785
5935
4635
785
1025
4715
1035
4520
7131
7994
1745
7808
4319
4534
6067
6235
5028
2957
5119
3769
6088
5356
6374
1017
7221
2820
2202
5138
6758
350
2709
5894
2636
3695
6678
3660
409
4064
4531
3891
4057
6276
3699
4727
7161
1765
2961
4188
1073
80
4308
7160
5435
2682
4529
1007
1853
3082
2496
4962
3431
5204
2856
2418
5250
5885
6078
2011
1949
6960
5901
6005
1587
1599
2732
747
7715
2044
1286
787
6475
5594
4299
261
4627
827
1267
6479
3908
3762
3440
3691
5317
2647
6108
6919
532
537
929
2480
7497
3181
4836
1083
1132
7567
1830
5198
5963
3115
2337
4437
5060
6635
4698
1686
7461
2316
4516
3368
2430
4308
7058
7746
6954
5166
3016
3837
2054
296
6316
1550
3477
3152
6985
960
7070
814
6157
5032
280
493
5821
1692
7127
6870
7729
2939
1185
4245
6307
3614
4904
1716
7712
3857
3233
2727
4046
5287
3023
6713
3188
2851
1864
2172
162
5286
7337
6318
6669
3969
3163
4489
5660
6641
7710
5388
1580
895
5984
4238
860
2887
2305
571
3096
5538
7650
7141
7176
7024
5853
2363
6226
4069
887
6387
5706
223
1056
726
543
4218
1567
2554
2859
1276
4294
790
2170
2277
5027
7382
1516
3683
4304
963
1220
3953
103
4747
7328
2307
3462
1905
2727
4348
291
4784
922
1347
5510
5817
1916
7076
370
1126
351
4663
1915
6873
6940
3293
6254
4807
6976
2557
5769
4547
2862
2223
5646
6541
4529
1107
446
3608
1806
5088
4743
7079
2786
2252
4895
4702
5679
5265
2179
2382
1927
446
1254
5218
3738
3859
2024
7065
2767
7792
7964
1980
6366
5609
521
2895
3067
5318
2854
4872
2405
7596
302
1543
6200
5197
6244
3878
6813
4774
6259
739
5219
3864
2309
957
7722
684
4373
6841
4828
4336
820
3193
6296
5692
2439
5714
3009
5292
2585
1766
1240
7239
3308
7439
4435
5903
7668
3247
2676
5927
337
4247
6142
6997
5203
2216
7681
5927
1056
4508
6615
6227
7700
1262
3919
2139
6976
3279
3782
5912
1396
1373
5150
1055
811
1584
3309
4831
1182
2337
7109
5871
6583
5250
4867
137
7465
4547
6063
4872
5406
1029
3099
1458
2291
3369
7948
1266
2999
3729
7177
747
1454
4327
1801
2264
2262
1462
3446
3444
3798
2554
1314
6732
7804
6180
6868
3620
7079
1282
4844
4484
2311
4294
5941
4601
7662
5888
2218
7012
5969
1394
7758
7422
2072
5911
6037
4334
7372
1483
7777
7521
388
5442
6252
4543
7973
5119
163
7051
6400
1358
7887
5062
5651
2179
6014
1664
67
231
675
2387
1625
4785
6160
3696
2695
548
4381
6418
2030
509
5938
6770
5950
541
3312
2275
5659
7826
5677
410
1183
5563
5472
6833
7742
3485
4848
4160
68
1875
2898
1692
6659
1057
1739
5705
1604
2472
474
7986
2980
2763
6755
5282
3303
2066
3908
961
1892
1584
5722
7426
7147
7545
2611
3240
7382
7458
7399
7449
1332
2296
5492
4342
7704
3582
6398
1307
6053
6871
5644
5385
1633
4398
7018
4935
2816
2925
2247
1059
4508
4321
484
3654
3865
3094
6893
3246
2552
2643
7046
235
1290
889
4577
993
4471
2974
6652
6875
6197
4295
611
7829
693
3980
1116
7860
6904
3362
918
7764
7682
1401
7769
7899
847
3014
7496
7750
5656
6542
7984
6946
3782
4560
4290
252
3886
2941
3479
2082
7236
441
1910
4280
4421
7377
4139
3324
2739
5056
3087
6772
2808
7208
6670
3654
2221
6166
3403
7876
1059
7739
3173
4840
4298
7463
1444
4535
2403
4922
6616
1638
1714
4878
5917
6134
4254
6407
5810
3344
3462
5248
2116
2622
4455
5137
2627
6675
3302
2382
2903
4360
2120
6075
5552
2769
5537
6995
7304
4292
268
5919
2281
1981
7148
4550
4467
7754
2956
2276
3097
2770
3875
1564
5391
4682
6701
4369
7708
2002
6750
2610
2714
869
685
265
3638
2573
7259
2941
3216
3878
5211
5497
5858
711
2046
2324
464
5001
951
3560
4122
1178
5124
5864
5859
3824
2233
5566
2177
982
4528
4890
1851
5212
1506
5488
4136
5116
4780
7352
993
1990
4848
3203
7052
3245
5526
7515
4597
2829
7427
719
358
4550
6582
6216
4725
814
133
3253
6148
4660
4495
7998
6223
6000
1837
6711
7468
6616
2414
460
4957
3613
3662
4009
6857
5540
7875
3453
4720
7301
523
5077
3850
3457
7644
4926
622
7776
179
6769
788
1025
3118
3362
7024
4954
2072
2843
7921
837
3303
1230
4449
3316
1590
3305
5207
1464
3110
1926
765
7984
7002
966
3440
6645
2244
414
2773
2422
7182
3560
3446
2300
3273
6821
3605
1697
1664
7878
2533
1318
1107
6982
4633
2696
2286
6192
511
1747
117
1275
1731
7119
6593
1522
2115
836
1935
4887
7609
5469
4798
7406
7768
4423
2578
7724
6119
593
7601
651
1910
5059
7632
2895
4106
6270
1086
4617
4368
1202
2243
6098
4672
5187
3972
3139
6022
5906
4377
1982
3374
5527
5739
7493
1949
317
3569
67
909
7521
717
2819
932
4701
2065
5037
7322
3150
6005
3689
703
4600
6139
1727
1786
2110
1217
4160
4367
5593
2493
4093
3119
232
7937
5067
548
7857
1485
5808
7378
6554
4978
309
3254
7042
1697
6927
6543
7702
2615
3598
653
753
1676
6790
7214
2892
2949
7933
484
1794
377
7955
2025
313
5021
6924
170
2858
4731
3899
1411
1709
4207
1016
5102
2255
7942
3645
6308
2556
3594
6960
7661
5269
5750
3226
160
5050
3158
643
6843
3534
597
867
199
1970
4142
368
4827
5225
618
6237
6933
1176
7252
386
3430
3545
382
1738
6100
3975
697
2112
1243
2798
5338
5754
7848
4847
2749
6690
4733
7697
3909
4931
1666
50
1650
2844
5274
2267
5432
558
3442
1035
5296
3223
4579
5677
4960
7031
1652
2009
1142
7246
4806
2831
1352
1005
7678
4100
7695
4410
3796
7955
1340
1814
4356
2989
4657
5982
1607
6441
6539
1400
7475
186
4622
406
5863
5934
7436
3866
4294
577
7463
5451
7760
814
6456
7437
4913
2502
3846
5061
2456
1537
6874
6811
877
7882
4792
6835
6322
7683
234
2149
7868
1207
2554
2082
3492
1989
5947
7785
6917
1762
1588
6676
2575
43
6112
3840
6896
6309
900
1351
4197
7773
4513
5073
4006
5657
3907
2328
5339
492
4476
1558
1699
7029
7992
5190
5369
5938
1327
4285
4051
2914
7313
6626
7308
1776
6817
6203
4437
7716
3905
633
3840
4769
2058
7845
2425
5964
6524
4115
2808
2999
5673
4506
6379
2016
6047
3747
7953
3725
4384
356
2990
48
6981
2297
1823
2149
4851
6259
1864
5107
3244
2055
1876
5301
6251
4300
7616
4775
4767
2423
4125
2439
3280
6856
806
1327
6954
5110
5051
7689
5465
4393
7736
797
6689
5911
2945
7892
521
1160
1350
3764
3214
3225
1064
5817
3877
5032
6943
643
7454
7419
7433
2734
6274
238
412
1580
5347
1814
1268
7164
6206
1004
7960
1247
3266
2905
1138
3786
4064
6839
3902
3630
6416
1317
1446
2292
6348
4740
7286
5802
4158
3070
4887
6784
7659
5298
363
1357
7111
1630
520
1669
6985
480
2915
6602
3384
404
2388
3799
7242
6289
3780
5657
3957
5225
7948
2305
6316
3585
4458
2474
3006
1344
1257
2664
2993
5971
4021
6455
3952
4540
123
2937
1371
7389
1538
1106
7792
277
1257
7034
2917
5036
4690
6874
6613
990
5530
4928
4574
1987
7401
7580
7682
5009
6595
7026
7331
2615
1832
3283
3507
1955
2571
1229
1343
4108
2335
1135
737
3591
4520
3653
4978
1209
6878
3590
2198
4407
518
3124
2745
4270
7055
2426
5631
5649
5803
4961
4616
7635
243
4474
1589
2813
2054
7283
3273
4388
4769
361
4330
1288
365
1308
6849
7243
4897
1046
1
1766
521
2746
6036
7575
1523
3666
1576
7326
626
2543
6960
5221
3368
4900
4385
5421
534
4009
1809
5303
4369
2490
2942
4734
149
1790
328
1398
7188
328
3163
4060
3073
1198
7987
4596
1215
1562
3921
6193
456
7232
3413
3823
4131
4149
1243
4664
158
7403
6318
878
1893
1260
5611
6393
7401
2290
7790
2940
2618
7305
7000
2042
4854
6986
2989
6069
4899
3261
4261
5354
2492
4025
5528
6622
173
6770
3286
4682
6173
1603
5560
4417
7214
7522
7161
6615
1812
3303
5906
781
2607
4905
2822
3812
242
5811
1880
5140
1071
2492
6845
7915
2868
4372
6536
7393
7494
6173
4074
5666
4128
5985
6434
3341
1859
5594
6307
22
5248
4213
802
4206
5469
7975
18
5711
2137
6249
7202
7560
741
6047
7474
3608
6770
2361
7352
6263
534
3426
280
4661
5762
6713
4353
3972
659
7012
3993
2258
7576
1146
6464
5044
5473
6481
7106
7609
4729
6308
3520
1821
706
2993
1781
7475
5354
1132
5738
2239
909
2369
6899
3023
5434
7603
6994
2444
6614
2987
4701
6189
484
3164
7585
5956
5996
6690
5565
2725
1349
1084
897
2054
429
2677
1529
2134
3809
3618
4372
1069
5986
7622
4091
3419
7224
3085
5862
2190
2423
2563
378
2906
2078
4314
5214
74
3004
2778
7150
4352
213
46
2758
4993
2723
4286
7126
2883
4255
3497
303
2240
3118
4394
2011
6694
3830
7872
883
2604
6786
5612
1861
864
1926
7074
5289
1281
1851
4438
1984
6416
4483
4741
3408
3557
5378
6886
2791
1632
2382
3094
3872
1852
3839
5882
545
7668
2105
1427
6623
891
7038
483
6106
963
7557
3394
6595
5759
4183
579
526
665
5319
3934
574
7049
2819
3364
680
1552
2809
4551
3403
6647
6784
3947
2666
5241
1725
1288
6131
5115
6123
588
2429
5679
3981
1024
7789
163
1602
315
5179
3272
600
2104
2320
7770
1820
3000
1321
4628
3902
1076
7627
7038
1374
2292
4278
3099
7932
6760
213
6054
3699
6993
84
7679
16
7872
4193
5969
186
5723
1241
785
7827
7912
554
1646
7263
6227
2625
7517
7302
2251
2906
675
895
3535
125
826
2294
337
3231
5992
7330
3314
2022
3697
3185
2566
1666
7723
4640
7258
4859
818
3521
1765
6815
2784
7991
1440
6652
7292
3690
1557
4318
4584
5091
4443
1761
3736
1131
4991
6079
4812
4656
4452
509
4193
3369
2174
3915
8
5783
5125
5178
1303
6889
3992
438
3231
1783
7089
6874
5473
4997
3192
6408
6439
7634
4521
6526
5116
1511
4604
1928
2519
5407
2436
6711
775
961
6977
5135
6743
4101
2312
4397
7342
2655
1187
2572
4438
275
1446
6262
1624
989
1021
62
622
5541
6588
5737
3404
7543
4016
5922
4950
6451
984
2076
7411
7960
3562
2505
4060
2225
3254
3401
4880
4440
2325
5669
1066
3770
3930
2689
1110
4950
7103
1731
6843
2042
3819
6598
1584
7835
871
2885
2637
1854
1313
6400
1813
4874
5256
2224
7099
509
1977
3978
4948
4301
1646
2366
4422
1927
1406
5531
3228
508
3613
2070
2549
3783
5019
485
7969
5889
7721
2606
7742
1033
1005
1554
5907
2612
130
5005
3121
2106
5334
4420
2758
6979
6785
7179
5257
191
1061
484
5050
4673
2554
3951
4807
3924
4435
4776
1813
507
3733
1554
1540
1089
7460
7446
3700
7589
802
6820
6046
6135
7592
803
1465
2728
4333
6721
7270
5393
3556
4320
2065
2461
270
6871
6385
1056
7998
197
1562
3730
1750
7453
4818
5561
6898
518
1501
4051
3689
7546
6537
3280
348
1
6008
1032
3073
1629
6424
6629
5948
4840
1089
2569
63
7473
7976
60
7669
5890
3790
5771
5342
4959
7683
592
5476
1184
4642
5517
729
3179
796
5429
7531
3155
6460
6956
4784
1236
5584
7083
6075
3024
1652
6137
2497
5979
2549
6517
3868
6338
639
1210
7648
322
1801
5124
5857
6442
2640
2937
5972
7787
4717
1855
7294
7529
810
4077
764
6393
7511
6838
1416
5514
1327
264
3493
3875
3133
7360
6564
123
569
6211
444
6721
7686
2652
1515
6677
5589
7486
6464
2305
1340
5757
1833
2149
6185
2596
4893
2047
5786
2661
7561
7112
7276
3053
2986
6760
6764
1549
6883
7333
4111
3678
6053
3797
6330
7567
2473
3918
3405
5288
6222
1096
3044
55
7597
5580
7002
4489
7627
4787
3501
3539
3898
2777
2943
6883
1536
1706
4783
4770
5390
894
448
3443
1042
3129
7361
3514
7046
7117
5154
1619
213
197
6025
7809
2129
5027
649
6107
1813
4150
5997
5711
6926
939
945
4813
2644
2080
5935
34
7325
6382
7828
366
5862
3540
231
4907
2657
5384
2877
7221
1933
902
7029
413
5928
7677
2871
4092
178
867
1802
3455
1805
7099
4620
800
5530
2554
5185
4854
5287
1364
1571
3148
4904
6153
4406
3912
3537
7282
7484
1821
183
6512
6585
2462
2540
1455
6554
7070
6673
4707
2524
4829
3805
7143
5628
1334
1696
7165
2539
6982
528
461
2129
1783
6614
2886
2046
6502
2168
1529
322
6702
4392
3258
1164
6932
4712
4069
2353
3384
775
4876
4564
932
4019
2191
6617
2066
5707
1156
5400
6235
5968
3880
4369
4581
6766
6415
3082
933
7943
7755
3986
4335
3012
5149
7618
4075
5569
1970
3810
6344
3197
373
3627
7215
6916
2243
5633
4622
7750
3032
7208
5718
6911
3577
2298
5676
1991
1732
2960
6285
1486
6946
2619
850
446
6588
4924
6015
4909
734
710
106
5458
4336
3672
4373
6578
1304
995
6328
687
4554
397
7598
130
7046
1625
6472
777
4585
4757
2263
7882
3727
3112
327
6667
4387
2693
3575
1472
3402
3680
6930
7737
3704
3302
6315
5007
648
994
2046
5202
1390
1643
5331
435
7619
155
5564
555
4911
7826
436
4989
7289
5115
3655
27
7807
7230
1499
3209
7261
428
2945
2964
81
5611
4323
729
6604
6368
5930
4345
4362
7612
1132
332
7766
6695
887
1028
2872
1322
6017
6512
6436
6023
6538
6243
1604
4388
5803
865
4815
747
180
4896
6358
854
1976
1313
3573
7905
5658
4286
3868
3141
4618
3634
6187
5504
4661
1058
3177
7029
3921
1613
5052
2458
4207
6655
6846
6361
3871
12
7107
403
1259
1816
1256
3234
3129
1181
7490
5138
5466
3358
4630
6435
3343
2816
3938
4355
225
7115
3384
4145
5079
4787
2954
5637
7793
6151
3997
3664
2515
7455
4066
3773
1271
1673
3359
751
2853
2848
2240
4671
2557
3221
3105
5899
6036
7043
2254
2612
2509
1989
6756
3939
3127
6061
5927
2919
4212
1923
6582
3078
5729
6999
6850
3351
672
2208
453
7876
1408
2692
4546
3964
2264
4003
1863
299
7397
468
2910
1905
2456
6017
2195
1934
4078
121
4852
4641
6395
7786
7718
4123
6784
2919
3826
3807
1479
4278
3683
2886
3322
4580
6849
5585
582
5063
2236
7978
5530
1497
6234
4337
7514
428
6270
7943
4900
3122
935
3294
2907
5004
3769
6042
7922
3946
1849
1400
223
1883
637
7896
6462
3838
5481
3396
900
7716
3373
6430
1212
5959
7118
5077
6386
5388
1371
7638
4861
2305
2931
4119
7308
3051
2160
3582
6996
360
1333
3571
2242
1970
3466
5056
5807
946
451
6706
5013
175
1487
2577
6133
605
4005
871
2344
5376
508
7204
7680
7790
7674
3340
2841
1833
6921
6188
2193
253
1758
786
6574
5224
5841
4380
2521
2643
7438
3886
2818
924
2814
5302
5880
6818
6172
223
4193
6679
3778
225
6469
3451
7916
5661
1636
6836
3848
180
3440
1958
5317
2014
7181
3158
2745
6053
2152
2182
1938
4969
7458
4751
6623
1689
7921
4794
6264
465
3473
2041
689
6293
1844
4956
3953
7831
143
4152
10
3583
6109
1678
1948
1641
1187
4692
7694
3339
3226
5983
4659
7035
7086
3281
723
7006
75
6986
7470
7899
5379
4511
2543
3574
1466
6495
3404
1609
6998
7765
1543
1459
1442
3490
3099
2629
4533
7144
2319
4110
5127
6977
7496
564
6610
219
7569
3036
3556
3390
2934
5286
4252
5476
859
5718
322
614
3678
3671
378
5220
5129
6172
5061
228
5152
5945
3723
3822
6407
849
7150
5902
1412
5759
2472
5332
794
6028
722
79
3313
4973
5554
524
7042
2227
1137
7071
5898
5867
642
7378
390
2054
7605
1893
7999
3328
5714
2757
528
4863
658
6292
2622
3130
3623
7767
5509
696
7846
5173
2021
1751
5696
5414
330
3185
4485
2579
1051
5126
1956
5792
7180
5913
7684
3530
5592
5397
6286
6119
6611
6943
762
5584
6424
4385
5351
284
1432
1548
5457
3452
7650
7504
866
7979
2688
1702
6909
90
6827
865
2233
6006
6777
1916
5887
4368
3664
4172
6838
2275
7467
7600
7858
5890
336
5208
2526
1767
3107
7982
1571
2757
3837
6788
7087
2877
489
5996
7318
3667
3212
1551
6025
6340
3466
3911
2707
7130
83
5896
5756
7549
5495
5613
1790
5830
7173
4315
3949
2279
648
5519
1387
837
658
4826
3713
5498
7173
7382
1164
2384
932
7188
723
750
3099
7781
4231
3181
5676
1986
7081
3171
7598
870
5352
6770
1537
1300
5401
6536
3170
6787
7372
3827
7964
7436
1324
7136
6818
6840
1519
4101
6027
6593
4850
1125
6373
5432
657
4049
7417
4089
7219
3367
4959
4570
6488
2847
2222
3888
1382
5391
7027
754
5570
6990
189
3245
2478
7006
2084
3996
3107
4463
2589
4308
1939
961
1740
2596
1361
5508
6684
579
874
7994
1501
7362
2840
74
7601
4222
5464
6627
1327
3033
1969
5867
2630
4446
1225
4713
4793
683
1175
7381
4990
3114
4694
3081
2061
6054
589
5096
2985
1462
1442
837
5175
4281
910
4776
4854
2725
7754
2532
2110
1722
399
4739
2519
1623
5803
7312
2305
3330
3044
3646
2795
4089
6727
4855
6495
7315
6302
5831
5128
7743
6667
2303
376
3928
3430
1581
3004
3183
4113
5113
1257
863
6203
3775
2485
4006
7438
1141
7335
2482
4786
2129
2922
7864
3335
1416
7178
1636
7246
658
5731
2264
2960
6106
6191
6389
7686
1195
5923
150
2659
7179
1012
862
2954
7848
4867
2391
988
553
1224
2126
2681
4146
1989
2367
1913
5519
4002
1159
6176
1732
3422
5487
4189
5965
227
227
3511
6149
376
6169
5328
1388
7030
4633
5587
248
3375
6575
800
951
5052
7832
5096
7040
6550
3360
910
6904
4518
7085
4987
4292
923
1176
6608
1149
1402
2118
3650
1777
4638
977
7516
20
1961
5103
267
5335
29
5419
6285
1432
1602
7732
471
152
3092
5733
7055
3961
1169
4041
4604
2092
1568
3211
7592
2969
1680
3241
1098
2670
569
4965
2689
2529
2067
7307
7864
6447
1077
6148
7878
7031
2232
4701
7182
5323
2433
2588
5635
3601
2980
2239
2044
900
1801
1636
3868
7833
4876
1317
6854
5445
6282
1542
4325
348
5200
4188
3147
6277
6688
3024
5307
919
7724
840
2593
6508
7779
227
6461
7110
6817
504
9
4970
6491
3877
1154
7719
1545
7
1515
7826
5900
5839
4526
3099
2027
7672
5727
714
7047
3033
5984
3123
224
4928
1630
2
1506
4442
7112
4675
4946
3472
1644
7788
3700
7149
7506
5245
7155
1020
1422
1406
6859
5947
4504
5237
1970
2231
2302
5369
1615
285
491
6191
5212
6472
2544
3069
2914
6007
7743
4211
1479
5738
3998
5178
4886
3504
2422
392
875
3844
1797
7733
6142
2653
4969
4464
1235
3622
1832
7201
3906
2322
5391
5469
793
7935
538
58
5941
4632
4268
7419
2370
266
4597
3607
121
3370
3999
995
3565
2147
5080
1707
4799
6400
6170
2385
2022
4353
1586
2279
6674
6976
4100
3818
6910
989
3876
1203
5620
143
621
7989
4760
1569
3596
1232
4939
3946
6579
4855
6092
3658
2913
7243
6409
5434
1627
4782
1786
7564
7061
459
6540
7512
629
1801
500
4504
3003
2471
998
3624
6812
5758
1544
6759
6989
6482
2704
1919
7689
5147
1928
2601
741
337
35
6720
1470
6172
6283
4882
6631
4822
4393
3611
6623
4892
114
5977
7363
1111
1600
2526
3220
3144
1284
6561
5977
3987
479
2017
5485
2407
4618
6226
7095
1004
4945
564
7175
7579
1798
2157
4401
6190
5767
7375
7434
2232
5351
3148
7695
3303
5673
2914
2798
6956
5826
5126
7294
2657
7143
4778
1415
112
3003
4861
1115
4299
5424
4641
3878
7221
6798
4630
1763
916
356
1196
3148
2058
4343
7194
1712
6367
6459
4509
5322
4285
5987
4615
6941
5129
5744
4707
5240
747
1567
2706
1397
3342
7346
1626
6915
2495
2607
677
7763
7314
1872
7262
1372
2566
6455
7435
5284
4913
296
2605
5549
6282
3571
841
3410
1314
5547
5001
6412
7113
4058
7809
2455
3403
5786
5721
2250
393
6397
2012
4058
4620
1273
5429
3537
4079
1216
820
991
1511
3424
6540
7792
3346
7380
7553
4659
1279
905
7423
4743
4962
7231
3549
4716
1368
1269
6965
6112
7665
5328
2170
4284
6600
3950
4172
2678
5165
4991
21
6675
4766
2912
2818
111
6643
2370
1122
7921
3274
544
4664
4587
4126
4564
1303
5493
5833
267
7957
5497
5595
2126
6133
546
6075
2304
7576
7592
3647
7596
6266
412
6859
1084
4875
5501
7805
5996
1774
7431
6539
2789
4017
7016
7352
5319
860
5184
1938
816
7033
7532
7293
5165
4429
5368
3820
4004
1311
7466
7951
7576
7878
3161
5011
4752
662
4816
7099
6787
4246
1989
1575
4614
1004
5278
1933
1863
6814
3870
2679
5846
7753
1971
7362
4181
3690
3181
4537
5000
6999
839
928
3228
4000
2290
4331
1013
3457
3429
7799
4054
1769
5725
668
2772
3002
2600
4634
1815
2821
3664
4012
2573
1987
3373
3105
2028
2906
3993
3380
1904
4832
659
1483
831
2948
5813
6195
6405
5593
5993
6810
7361
3717
7477
6484
3070
6428
7469
4885
1248
3133
896
172
1471
621
7629
7850
3526
3621
3229
1781
452
239
3263
5634
3187
5427
180
5943
7371
6172
4752
6731
6240
581
1566
1310
7008
1034
2546
4608
4166
7793
4779
1988
413
4407
1838
290
4380
1418
2070
1183
1657
1684
6817
1195
3462
3348
7137
2832
1520
240
5914
7759
820
7479
5420
4180
513
7965
787
1030
4110
1917
3018
874
6324
1207
1164
2703
2624
7585
3885
632
5621
7053
1826
1082
2401
962
3914
272
5554
6179
4382
2725
2010
1802
6904
2522
6118
4042
3551
6579
5959
2920
7453
4282
478
616
3336
3102
4552
3572
3733
2172
6977
1911
3254
5729
2872
3519
6000
4777
6049
6733
7502
58
534
2757
2579
3004
6799
2482
1582
4757
1753
5386
5390
2231
6001
5077
1684
2553
5000
1768
1076
3976
3678
4329
6056
2902
4199
4055
7678
2248
2788
3531
2305
7673
2640
1236
7028
1438
69
4962
2546
1821
2347
4287
403
4700
5715
2086
7252
2714
206
4679
3042
235
1008
1097
3136
1558
1504
7166
3805
643
7048
2462
315
1687
3697
3695
7476
3765
656
6373
1937
3002
7011
2340
7701
4725
777
3304
7439
5334
7983
2480
5569
5342
3576
5056
6899
1431
4221
7056
2073
3269
5869
6740
4955
1565
2434
783
1681
7441
7155
7969
2442
6166
6660
6495
7242
3789
6150
6680
1122
2484
5511
3042
4177
5439
98
3076
6869
4318
6483
942
3938
4351
7681
5245
2267
6466
6027
299
5906
1533
4619
4699
4050
3279
3193
3292
3419
5695
1971
892
178
3834
3934
4355
1272
4031
3782
4492
4700
6616
1785
638
7318
5817
2234
1584
4282
4612
6234
2187
6144
2852
6886
2194
2482
6430
5485
5900
4124
3807
6792
4302
3992
7077
5008
1615
7459
789
6107
4158
3756
4243
1147
3073
2060
7732
1008
6341
4343
7241
528
2487
6444
3765
1032
5278
2194
2868
7529
6318
3026
2672
6971
7018
1748
3978
632
5558
1118
3090
6068
4873
7333
7214
4297
1392
3298
5304
4084
7640
896
4611
2126
3691
4727
7509
968
6921
2376
4849
5238
1754
7520
560
771
5620
889
5754
3177
6358
5196
1244
3230
880
4810
7526
2271
107
1181
2706
7746
2076
3669
6224
5766
395
2084
3086
7315
812
7934
904
2565
3805
1463
3335
1424
6703
5440
953
5060
2635
6548
4641
3514
3357
518
2136
7815
1698
4842
3913
3773
510
6488
5891
904
571
976
4571
1382
909
5474
3946
4713
3289
3632
2489
1991
5424
7793
3403
58
6340
43
7924
6049
561
2059
2215
2258
3252
6127
2383
3761
966
273
1017
1537
1248
1939
7270
6508
7412
7568
7572
7052
7551
2060
5395
4974
1852
797
1384
4544
839
1307
2592
1399
3365
4806
9
6617
7285
2391
6729
250
7015
4097
6138
4614
6035
5408
3121
1799
1327
2692
5202
877
1104
2596
2203
7307
7744
3586
3850
583
4892
2793
6333
256
3951
2693
3224
3235
1435
1953
3484
449
6049
5974
5062
436
3381
4534
2234
1059
3578
7435
6287
1033
6383
489
339
6126
4074
541
3060
965
7685
1393
5573
3635
4085
796
3221
5520
7100
3057
2320
1501
1030
7382
1936
762
267
521
1820
3844
4307
106
4876
2689
595
1567
5167
1020
2107
226
1985
6143
1618
3909
1778
2055
1056
1350
3926
156
4406
6245
6008
5435
1978
4295
6196
2245
4815
4367
2440
5473
4473
7316
4514
1419
882
1680
2438
7340
1905
774
1834
7875
1034
7963
1929
2090
1313
2206
6597
5718
4802
4604
7505
3132
898
2052
5376
2064
2771
4167
7536
7243
3482
4049
5013
715
5728
3802
4406
7633
4576
2592
7507
1961
2554
5787
4050
3866
4344
2646
5936
1145
7249
1792
4276
146
3843
6003
2209
6613
6522
6097
2207
6355
2145
3571
3422
7873
7373
7827
3857
300
6770
7715
2260
1324
1853
6310
1541
6196
5307
7476
3692
4556
1267
4320
1053
1462
6674
7614
4426
5195
2062
6633
3550
4206
2203
6971
430
5927
3149
638
6226
1919
4704
4838
7594
6556
7499
1134
1103
4805
610
1147
5712
6228
5466
3117
4041
4139
7082
467
5686
1143
3451
1235
1700
2005
4557
2130
7932
7705
7119
6157
5975
3823
7346
5568
6730
6844
6702
7833
3649
3663
979
1360
1890
2796
828
2283
3286
7909
2749
971
1051
6199
6557
2751
203
3113
1232
134
2818
350
2643
792
524
1988
2712
7254
832
1413
3438
832
5075
4416
6543
3316
3563
7371
5598
6848
7279
4698
7819
4682
2896
6375
3784
7451
1488
1367
3936
657
6068
2930
5800
6592
4918
511
2197
2101
6275
5634
7284
3349
6401
5826
3017
1963
5196
4966
810
827
1664
4980
1860
911
3355
5643
361
1194
7009
4297
6202
1428
7226
4001
19
495
864
2215
6947
7138
4200
6230
6839
2600
4056
1855
4562
5603
6820
5372
6429
4835
6703
288
5746
2057
2282
6106
7602
5642
6754
5803
7070
2332
6156
3440
7178
7019
5655
6125
6156
1854
706
1346
4454
4761
3200
5367
6716
6372
7090
1496
3206
5793
6136
951
4201
417
3409
3803
6059
6514
5957
1480
845
4112
4919
23
3130
6925
2499
5638
5131
3204
6983
5936
4317
6535
3302
3032
1258
2392
4527
4463
184
2662
1766
4384
7431
1526
4538
1841
39
2495
3320
5236
6606
238
5258
6088
3515
4108
77
645
7311
3411
6580
3627
1945
1881
3010
7554
4272
7537
4017
807
6550
2134
1543
5980
3659
6080
7820
3697
574
7491
932
3532
4081
2541
1619
7595
3000
6047
239
2311
1457
6818
2289
7754
5050
5299
7307
1322
1187
7675
6480
4088
1808
4374
2068
5466
2454
6239
5515
7379
2082
2798
2910
6162
1691
880
5756
4690
3278
2346
7000
4735
1163
5641
840
6212
7291
146
3885
4829
7821
6717
916
5980
3090
7335
3446
5543
1926
5312
1274
4007
109
535
2168
1799
5767
4275
2841
1044
6620
6192
5778
4134
3832
2969
2345
7474
3115
2582
4302
7287
1298
5218
5266
4387
904
5063
6282
2829
6726
3907
6835
6835
4441
5354
4985
2207
1628
7825
3251
4599
2369
5380
732
6200
349
7429
5674
7815
2010
6327
3453
3307
3544
5070
4045
800
2133
6678
3628
858
2584
6815
4044
3377
4168
5381
1935
2148
1557
1537
6746
3925
3269
3830
6477
3617
3258
502
7783
5267
6828
7587
4925
6724
4656
969
7523
3140
3999
3150
3998
2934
1964
4393
6310
2484
6125
245
4631
7682
1781
7728
3606
5049
3557
2082
5017
6814
2583
1151
4080
5763
737
5356
4486
5393
2677
4008
532
6675
3509
881
1608
1825
1626
4270
4308
7750
4514
938
7431
2646
5017
7389
4047
574
1470
5415
7387
405
6566
7819
2519
3654
5174
7004
1046
7850
7363
5930
2876
2871
3162
4484
1047
4787
5105
5354
4537
5970
2643
319
615
7660
7707
1013
4585
5529
6428
3971
2285
1345
141
4803
4998
1667
3806
2396
1516
7520
4677
744
6742
7838
5227
7789
4625
6683
1494
5513
4652
4137
5831
5266
148
1890
2631
4732
7418
1058
5054
6054
2402
5195
2856
3751
6861
3013
2498
4728
2532
7174
5471
1273
7012
7049
5413
7988
5731
6907
5500
2382
3043
7682
4000
3190
1571
6630
4273
5340
7687
1326
3393
6440
6520
6248
6542
1732
5612
1040
6460
143
213
282
5768
3576
3683
3180
3563
1413
2086
5414
147
1480
5096
4146
1021
3018
2775
5293
358
6813
6619
102
1604
1490
2702
4497
3222
313
5536
6033
456
2101
2666
2575
5676
6348
5754
1239
7761
4192
6652
7907
5671
99
404
6692
3117
7530
336
7826
6342
6954
7927
4297
4796
6980
793
17
7293
2681
2401
4100
4781
5066
6674
2456
7766
779
46
7526
1322
3050
3784
6993
3148
4187
2036
2616
68
2371
6793
6409
5677
3072
7057
2472
2051
4201
6840
1343
6881
1240
1794
3661
2657
4819
2469
2422
5598
6866
6299
6919
1915
2082
2263
1415
2620
650
4030
7039
3021
2823
1799
5049
5894
855
7520
4296
5056
6359
1991
288
3950
3784
301
6606
4955
2769
5380
6904
5986
3678
2174
7901
2112
4437
5667
1083
5086
6048
122
4458
5222
1920
1506
7467
7127
5377
3763
534
3735
5753
821
4036
5888
1121
2642
2842
241
4373
1745
6227
4402
3919
2479
6513
4707
145
3948
1792
2544
421
2602
7766
2340
459
7232
5818
5836
2994
6351
5922
5098
7172
1958
2986
4644
951
2179
4885
5323
3924
3111
1724
4194
1941
4589
900
6437
536
7043
980
956
1644
745
7647
6455
7977
5465
4290
7322
167
2211
4420
7338
4168
3757
3982
5118
5935
5218
6792
6210
4680
516
2403
6620
1456
3302
1408
1991
2345
2387
7298
340
7484
3296
6794
3812
5112
7435
3133
5279
1646
3904
968
2165
4012
1301
3635
6299
6518
2426
4508
7549
7293
3263
6168
5100
6564
7575
3442
5260
6314
2739
1952
5797
2387
5097
1608
7498
4532
1092
4776
2529
1348
2096
1045
5359
3396
4679
3657
6266
3457
4517
5814
7101
7779
334
4201
2694
4260
3994
4306
2573
6733
2609
4721
1119
7705
2680
4968
588
3772
1744
7468
5119
3839
513
2477
3586
1543
2486
1851
1351
7002
7665
4804
6780
7998
5356
5825
609
1349
2130
3182
81
4738
7902
5551
795
2582
2519
5734
2705
614
5202
7823
804
2066
6651
741
3608
1136
2592
1311
4489
6608
6114
7620
2957
3469
5445
3565
4817
3926
3098
1250
5016
7352
3152
5810
6285
2022
7895
989
2635
5096
5163
7790
3513
3813
531
3473
1301
7474
4783
2141
2433
2896
1761
1741
6364
3557
1657
7532
7482
4755
781
4497
458
3933
6658
6742
5954
6553
7730
4941
8000
1244
1082
3513